IDSURVEY CID z MU MUERR
10 1310338 0.43890 41.59600 0.15000
62 1997E 0.01376 33.85840 0.19760
1 5391 0.30030 40.90770 0.19250
15 000196 0.35059 41.35470 0.09370
63 2002he 0.02517 35.22290 0.12000
50 1992bs 0.06372 37.45950 0.14180
10 1309492 0.33350 41.13070 0.09250
15 000137 0.11901 38.69240 0.14590
15 320258 0.34098 41.18260 0.13230
10 1345582 0.45885 42.09030 0.21300
5 2008hv 0.01375 33.87640 0.15490
15 380378 0.27141 40.69390 0.08390
150 ASASSN-16dw 0.03437 35.90190 0.14140
150 AT2016cvw 0.03787 36.11790 0.13950
15 330023 0.18078 39.82900 0.11940
62 1998dh 0.00817 32.71810 0.25760
15 310161 0.25260 40.58360 0.11520
150 ASASSN-16hr 0.03083 35.55550 0.19050
1 15467 0.20856 39.96600 0.10590
150 ASASSN-16bc 0.03298 35.73270 0.10580
56 2007on 0.00502 31.87540 0.38230
5 2009cz 0.02348 34.96430 0.11400
10 1299785 0.38129 41.58580 0.13860
4 04D3co 0.62070 42.80260 0.17970
15 110567 0.21440 40.13920 0.20690
150 ATLAS17axb 0.03143 35.65950 0.12460
10 1317277 0.23721 40.35360 0.13220
1 5957 0.27935 40.78830 0.11930
100 Elvis 0.83981 43.48370 0.13180
63 2003ic 0.05089 36.49840 0.13480
10 1306537 0.47946 42.13720 0.13350
1 15459 0.12560 39.22750 0.21240
150 ASASSN-16aj 0.02953 35.58750 0.11750
1 12843 0.16606 39.27050 0.13830
63 2003kc 0.03479 35.96780 0.13830
57 1999ac 0.01017 33.02920 0.24870
1 14979 0.17666 39.60890 0.09250
5 2007as 0.01802 34.34650 0.15010
1 744 0.12710 38.75430 0.20000
10 1317666 0.14134 39.27030 0.15280
1 2017 0.26172 40.76960 0.18370
1 13757 0.28754 40.79280 0.14580
4 05D2ec 0.64185 42.95750 0.17790
50 1992ae 0.07440 37.54000 0.15510
4 06D3fp 0.26860 40.57200 0.16590
150 AT2016bln 0.02429 35.20060 0.12820
64 2005kc 0.01442 34.12280 0.21670
1 6924 0.32652 40.95920 0.15990
15 390264 0.29221 40.56570 0.19100
10 1308326 0.32632 41.16980 0.10120
1 17801 0.20523 40.24980 0.16210
1 15897 0.17374 39.62880 0.12890
4 06D2ck 0.55375 42.60200 0.12730
50 1992bl 0.04210 36.32200 0.13900
10 1313594 0.28844 40.86960 0.09340
150 PS17akj 0.04777 36.67400 0.12720
5 2005al 0.01591 34.10310 0.13880
150 AT2016ews 0.04631 36.65900 0.10240
66 2010A 0.02067 34.60770 0.21750
1 12779 0.07906 37.89350 0.16900
63 2003du 0.00747 32.85870 0.26020
4 06D3gh 0.72074 43.15410 0.21050
5 2008C 0.01737 34.40350 0.17590
1 18855 0.12732 38.87180 0.14170
15 300179 0.17911 39.88410 0.13830
10 1263369 0.31262 41.07340 0.10140
1 20088 0.24329 40.33790 0.09980
56 2011dn 0.02513 34.54420 0.22190
62 2000dk 0.01730 34.25510 0.13950
4 05D2ci 0.63183 42.40780 0.22460
1 16276 0.19193 39.87740 0.14800
62 1999cc 0.03072 35.69850 0.10640
65 2007nq 0.04352 36.40350 0.10490
15 440643 0.18952 39.88600 0.11180
150 SN2017ckx 0.02858 35.77820 0.17080
15 490037 0.42348 41.72410 0.12980
4 05D1hm 0.58582 42.77410 0.25220
1 7475 0.32057 41.01210 0.13610
57 2005el 0.01496 34.06840 0.15220
56 2012hr 0.00814 32.81770 0.25620
1 18463 0.26700 40.63000 0.15020
65 2008fr 0.03828 36.22770 0.11040
57 2007co 0.02731 35.43140 0.15950
57 2003du 0.00747 32.91300 0.25790
4 06D3df 0.44263 42.01090 0.09720
15 370308 0.20087 39.89240 0.18580
150 ASASSN-16bq 0.02534 35.30890 0.11700
15 350374 0.50098 42.22540 0.20090
1 8921 0.14423 39.10890 0.14460
1 2102 0.09414 38.16470 0.11090
57 2006ej 0.02023 34.70870 0.12930
4 05D1eo 0.73568 43.29460 0.17440
1 13641 0.20865 40.03350 0.13820
1 13305 0.21350 40.10560 0.12060
4 05D1cb 0.63077 42.76730 0.13140
15 091869 0.28854 40.86970 0.11350
50 2008fv2 0.01091 33.57370 0.21560
63 2003U 0.02821 35.37690 0.12160
15 000038 0.15050 39.22800 0.11900
15 460064 0.24151 40.24530 0.12800
51 2007kk 0.04310 36.31510 0.11070
10 1306390 0.40920 41.86560 0.24290
1 18940 0.21114 40.04930 0.11750
1 17605 0.14542 39.24220 0.21990
15 450175 0.51941 42.36280 0.24610
1 19632 0.31387 41.08530 0.15590
1 12883 0.30576 40.63190 0.22250
4 04D1si 0.70070 43.01660 0.15330
56 2010cr 0.02291 35.37620 0.20670
4 05D3ha 0.80575 43.28390 0.19020
10 1322229 0.52620 42.29750 0.15320
10 1291957 0.37138 41.46320 0.11190
4 05D1em 0.86456 43.63310 0.15790
57 2002G 0.03731 35.91600 0.17690
4 05D1hk 0.26209 40.47170 0.12620
4 03D1fq 0.79863 43.54990 0.18630
4 03D4dh 0.62525 42.76740 0.14890
15 100101 0.42976 42.04290 0.13680
65 2008Y 0.07056 37.39920 0.14620
150 PS16cvc 0.02915 35.79820 0.12430
18 2018enc 0.02354 35.08700 0.14960
65 2007hj 0.01325 34.02560 0.20350
64 2006D 0.00925 33.02810 0.22830
51 2017cfd 0.01304 33.67920 0.18960
150 PS15cze 0.04035 36.62110 0.14990
15 510597 0.46104 42.13120 0.15050
15 160066 0.53111 42.64220 0.20680
1 17552 0.25199 40.54310 0.15130
100 Eagle 1.01988 44.39690 0.15610
63 2003cq 0.03383 35.93810 0.17270
56 2013ex 0.01133 33.59420 0.22080
10 1306980 0.54881 42.28820 0.26150
10 1302648 0.23164 40.22230 0.14990
65 2009gf 0.01855 34.61900 0.17010
1 17568 0.13696 39.49680 0.26390
56 2010kg 0.01664 34.09350 0.22210
57 2007ci 0.02319 34.75890 0.11930
1 2031 0.15195 39.14080 0.10590
15 550096 0.22449 40.06870 0.17000
4 05D1ke 0.68872 42.92180 0.14970
64 2005iq 0.03341 35.98440 0.10300
101 SCP05D0 1.01242 44.22560 0.24800
57 2002dp 0.01061 33.39920 0.19690
1 7847 0.21174 40.03000 0.16480
64 2007O 0.03846 35.98070 0.10110
15 580235 0.33147 41.15190 0.13270
61 1994T 0.03583 36.02400 0.13490
62 1998es 0.00966 32.91360 0.24330
64 2007qe 0.02357 35.05460 0.17780
1 18241 0.09404 38.30220 0.11630
10 1298281 0.23520 40.28980 0.15590
4 05D2cb 0.42859 41.99900 0.25850
65 2008gb 0.03796 36.16710 0.14680
10 1335868 0.61941 42.81840 0.19310
4 04D3lu 0.82276 43.56280 0.15440
15 160198 0.34910 41.37210 0.11070
1 18602 0.13713 39.04660 0.18780
10 1292332 0.27276 40.66060 0.11860
18 2019np 0.00648 32.57080 0.29090
15 590031 0.37852 41.55030 0.12410
1 3452 0.22978 40.21550 0.13460
64 2006qo 0.02887 35.59050 0.17420
15 550218 0.38744 41.67820 0.18930
15 040137 0.44764 41.96960 0.15590
64 2007bc 0.02131 34.86070 0.12760
57 2008ar 0.02849 35.54550 0.11940
1 15648 0.17392 39.65970 0.17610
61 1996bv 0.01699 34.16690 0.19790
56 ASASSN-14fa 0.02348 34.99730 0.18540
101 SCP06G4 1.35136 44.66290 0.21490
56 2008Q 0.00746 32.40490 0.27750
63 2001ep 0.01272 33.61270 0.22150
5 2008O 0.03819 36.30970 0.17210
15 500100 0.31088 41.17140 0.09780
1 3256 0.10711 38.51780 0.14810
4 05D3km 0.96080 44.12260 0.16090
150 ASASSN-16br 0.02956 35.58690 0.12920
63 2002fk 0.00719 32.51980 0.27070
10 1337655 0.84857 43.52230 0.14450
65 2008Z 0.02118 35.32470 0.20260
62 1997Y 0.01708 34.31030 0.14510
4 06D3do 0.72674 43.18860 0.16970
15 560121 0.36499 41.57270 0.15630
57 1999dg 0.02197 34.97370 0.16610
4 04D3kr 0.33762 41.25980 0.11850
57 2008L 0.01755 34.42500 0.14440
15 370356 0.02510 35.36360 0.13800
64 2006sr 0.02388 35.09920 0.12100
4 03D1ew 0.86656 43.58570 0.21390
4 05D2nn 0.87211 43.61080 0.19400
15 030006 0.50285 42.19030 0.22280
1 15369 0.23062 39.90700 0.12620
1 13045 0.17931 39.62360 0.16450
10 1305626 0.32581 41.17350 0.09200
150 ASASSN-16la 0.01424 33.91820 0.17110
63 2002kf 0.02001 34.77770 0.13860
15 090201 0.50825 42.13100 0.13120
1 14024 0.14490 39.20670 0.13910
10 1332413 0.60878 42.73470 0.14790
15 480464 0.22132 40.18540 0.09210
5 2007af 0.00625 32.20580 0.30220
15 470015 0.33749 41.28900 0.15340
4 05D2ac 0.48065 42.08440 0.09640
15 440236 0.42895 41.76870 0.11910
1 14846 0.22349 40.24460 0.12040
64 2007sr 0.00571 31.74380 0.34050
150 ASASSN-16oz 0.03192 35.57210 0.12990
10 1253101 0.45328 41.92720 0.13840
15 190260 0.14359 39.21890 0.08910
150 ASASSN-15jl 0.03512 36.00510 0.11530
10 1332059 0.57891 42.65770 0.15700
1 22075 0.12920 38.85900 0.10620
56 2006dm 0.02228 34.93150 0.17370
1 15456 0.38055 41.20790 0.17730
63 2001da 0.01725 34.30010 0.21190
150 PS15bdr 0.07116 37.47420 0.13310
1 16072 0.28446 40.75650 0.15370
10 1296273 0.39706 41.37620 0.10740
1 13835 0.24617 40.44090 0.11030
5 2007jh 0.04167 36.65150 0.17250
15 350233 0.16924 39.63670 0.12640
15 420258 0.27456 40.86210 0.18570
64 2007co 0.02731 35.30800 0.18210
4 04D3hn 0.55267 42.29120 0.17220
10 1273127 0.18929 40.06820 0.15300
56 2007co 0.02731 35.20290 0.23400
10 1322979 0.52937 42.41410 0.09380
10 1297465 0.27782 41.05030 0.11430
4 05D2ct 0.73596 43.28190 0.25970
56 2011fe 0.00122 29.16800 1.48980
64 2006cf 0.04268 36.40920 0.10370
50 1993B 0.07023 37.39570 0.17970
15 440185 0.34949 41.27440 0.10260
10 1338675 0.33056 41.30190 0.14440
65 2009al 0.02342 35.09580 0.15060
10 1255502 0.14834 39.14430 0.09660
10 1257366 0.21134 40.27730 0.17190
50 1992bc 0.02006 34.62900 0.13080
10 1304678 0.21881 40.26100 0.16960
10 1328105 0.44149 41.80660 0.12530
4 04D4dw 1.02881 43.94730 0.18490
150 PS16ayd 0.05469 36.97330 0.09330
1 18787 0.18929 40.22900 0.14590
10 1259412 0.30486 41.02600 0.09360
4 05D3kp 0.85079 43.60970 0.13080
15 160099 0.10165 38.42060 0.11520
4 04D1pu 0.63777 42.64060 0.28440
1 15443 0.18136 39.56960 0.09230
15 440008 0.14652 39.28210 0.12870
62 1998V 0.01752 34.22590 0.16070
10 1329615 0.40368 41.74040 0.14440
5 2009ds 0.02019 34.60720 0.15600
15 470244 0.36091 41.55180 0.15210
1 6304 0.18995 39.81150 0.14640
18 ASASSN-16es 0.03047 35.64560 0.17200
64 2006cp 0.02239 34.87300 0.18740
15 000006 0.23041 40.43120 0.17800
15 050301 0.34717 41.23480 0.16230
5 2008hu 0.05058 36.79210 0.09180
15 530037 0.26859 40.68990 0.09830
63 2003iv 0.03491 36.00880 0.11260
56 2008ec 0.01568 34.23520 0.22730
15 490008 0.12086 38.75700 0.09730
1 16032 0.20331 40.00610 0.12300
57 2007hj 0.01325 34.06300 0.20320
56 2010gp 0.02405 34.56810 0.26330
15 320099 0.37997 41.53620 0.11150
1 20084 0.13851 39.08180 0.23020
10 1306991 0.42195 41.65650 0.18660
1 13506 0.24354 40.57200 0.19400
61 1995al 0.00697 32.39160 0.28580
57 2003gn 0.03375 36.12440 0.16280
64 2007bd 0.03120 35.59350 0.10510
1 20245 0.30052 40.65900 0.18260
15 350047 0.23378 40.54300 0.13140
50 2003du 0.00747 32.88270 0.26140
1 17332 0.18217 39.66850 0.14500
57 SNF20080909-030 0.03110 35.66430 0.12660
5 2007nq 0.04352 36.31870 0.09320
1 18612 0.11388 38.49100 0.13380
150 SN2017mf 0.02598 35.43880 0.11910
51 2011fs 0.01871 34.63430 0.13310
15 330128 0.32104 41.07670 0.10740
10 1295921 0.52400 42.30210 0.25220
1 15217 0.38015 41.53190 0.18400
5 2007ba 0.03402 35.92120 0.17530
15 050580 0.45068 41.75090 0.10960
1 14451 0.17797 39.56960 0.09550
64 2006ej 0.02023 34.76390 0.12850
150 ASASSN-15mg 0.04408 36.44850 0.12340
150 PS15coh 0.01839 34.52740 0.15870
15 340229 0.14123 39.16440 0.14490
15 000014 0.13614 39.09790 0.12590
1 15234 0.13535 39.16180 0.22010
1 1580 0.18335 39.61080 0.10530
1 17366 0.13822 38.98260 0.11560
15 380199 0.46064 42.13060 0.12210
5 2007hj 0.01325 34.07560 0.19980
106 geta 1.69706 45.41680 0.26280
1 19702 0.26832 40.75690 0.20330
15 130755 0.29298 40.95410 0.13870
15 490521 0.34147 41.31530 0.19060
10 1295256 0.44245 41.97760 0.11350
51 2012bh 0.02510 35.31260 0.16020
15 590194 0.09039 38.04220 0.14800
1 16116 0.15526 39.38000 0.10900
4 06D2bk 0.50067 42.36800 0.17520
1 16073 0.15357 39.46810 0.12460
1 15584 0.28344 40.72390 0.13570
10 1285160 0.74930 43.30200 0.11060
15 120225 0.10713 38.91130 0.32090
150 AT2016cyt 0.03059 35.46830 0.10780
4 04D3do 0.61071 42.77710 0.10570
56 2013dy 0.00432 31.66020 0.46360
1 13736 0.14898 39.25160 0.12600
56 2009gf 0.01855 34.68380 0.19840
56 2012V 0.01147 33.84920 0.21490
10 1335694 0.25923 40.54610 0.09880
1 13254 0.18004 40.07570 0.18910
150 ASASSN-15oh 0.01587 34.48410 0.18760
65 2007su 0.02740 35.40980 0.23380
10 1334302 0.45458 41.91170 0.14250
1 13370 0.19801 40.39200 0.19170
4 05D2ie 0.34949 41.48850 0.11570
1 19658 0.19878 39.98850 0.12870
63 2002fk_v2 0.00719 32.55390 0.27000
63 2002jy 0.02057 35.10270 0.12580
1 18415 0.12958 38.93880 0.10040
62 1998ef 0.01728 34.00260 0.13820
150 AT2017cfd 0.01304 33.70870 0.19340
1 15129 0.19621 39.86520 0.11250
1 4241 0.33063 41.21930 0.17380
10 1309288 0.26791 40.63320 0.13860
51 2013gq 0.01445 33.85910 0.14760
150 iPTF16auf 0.01543 34.21230 0.20220
150 PSNJ2352371 0.02596 35.52350 0.13380
15 370066 0.09089 38.15360 0.11400
10 1317454 0.56879 42.35650 0.17580
63 2001bf 0.01581 33.99520 0.14950
57 2003W 0.02082 34.77780 0.15470
10 1307830 0.35946 41.54600 0.09920
66 2009kq 0.01259 33.63350 0.18110
10 1347120 0.17952 39.69940 0.15330
18 ASASSN-16lc 0.02096 34.80000 0.14720
150 SN2017jl 0.01525 33.87920 0.18250
4 04D1sk 0.66213 43.05880 0.19600
1 19818 0.30406 40.77460 0.13410
4 06D3el 0.51968 42.40740 0.12140
150 PS17yt 0.07073 37.59930 0.11920
4 05D4af 0.49739 42.23780 0.15810
50 1990af 0.04934 36.70850 0.13890
1 18091 0.36987 41.25480 0.18100
15 420417 0.36147 41.22680 0.19820
15 390259 0.12231 38.73360 0.15810
18 ASASSN-16bn 0.02241 35.12220 0.14310
150 PS15atx 0.07252 37.72270 0.19920
100 Strolger 1.02789 44.66500 0.23650
1 16232 0.37436 41.51260 0.16620
1 5395 0.11653 38.72580 0.12990
150 ASASSN-15pm 0.04837 36.49210 0.10480
50 2005df 0.00407 31.50350 0.45450
51 2010hs 0.07560 37.90000 0.14080
57 2007sr 0.00571 31.78380 0.33580
1 18325 0.25736 40.58150 0.14050
150 PS15cwx 0.03086 35.50650 0.12370
4 06D3bz 0.72774 43.11740 0.17890
4 04D1ks 0.79662 43.03700 0.22790
10 1291080 0.44391 41.93040 0.18610
1 3317 0.16008 39.32480 0.11930
4 06D4bo 0.55033 42.48380 0.14780
5 2007bc 0.02131 34.84300 0.11970
1 19969 0.17444 39.58160 0.11630
1 17791 0.27759 41.21360 0.21420
150 ASASSN-17aj 0.02255 34.85070 0.16010
1 13425 0.21127 40.22880 0.22190
1 16350 0.23693 40.31190 0.15080
10 1291794 0.39510 41.59460 0.14240
64 2006ot 0.05202 36.65930 0.19940
100 Ombo 0.97423 44.22970 0.12370
64 2005M 0.02598 34.93940 0.23130
1 16099 0.19595 39.89050 0.12410
10 1339450 0.55046 42.52870 0.25970
10 1295027 0.42568 41.82730 0.13310
15 370344 0.33147 41.21860 0.11560
50 1992bo 0.01818 34.71960 0.13470
51 2014bj 0.04258 36.60040 0.13510
57 2001bg 0.00855 32.80020 0.26960
51 2013fw 0.01679 34.26120 0.14830
57 1999dk 0.01364 33.77580 0.20220
50 2008fv2_rev 0.01091 33.16320 0.27000
1 13830 0.32995 40.90360 0.15650
4 05D3jk 0.73675 43.09860 0.13770
1 19543 0.12186 38.93680 0.12590
4 05D4be 0.53534 42.43460 0.12420
5 2009dc 0.02137 34.43720 0.13430
4 03D4cy 0.92493 43.96040 0.23920
4 05D3mx 0.47065 42.12910 0.11070
5 2007st 0.02071 34.52430 0.14440
15 550041 0.25859 40.58140 0.10000
64 2007cq 0.02510 34.93870 0.12480
10 1257695 0.18375 39.80520 0.09230
4 04D4im 0.74911 43.04430 0.17690
15 360139 0.38600 41.64630 0.10270
5 2006et 0.02198 34.88050 0.16550
15 110033 0.20483 39.96340 0.14020
66 2010dw 0.03902 36.10990 0.13950
150 ASASSN-15np 0.03884 36.15160 0.14610
65 2009ad 0.02844 35.47130 0.10910
1 9467 0.21897 40.28350 0.16750
64 2006en 0.03162 35.79390 0.12690
1 6406 0.12393 38.74720 0.10250
50 1999aw 0.03910 36.32400 0.11030
57 2004at 0.02321 35.03170 0.12050
15 140181 0.10246 38.37460 0.13820
15 420352 0.38895 41.50370 0.12290
150 SN2016aqb 0.06384 37.13480 0.10760
61 1995ac 0.04860 36.43450 0.09470
61 1996Z 0.00817 32.54180 0.33030
56 2005cf 0.00727 32.43610 0.28490
1 19616 0.16471 39.42760 0.09620
1 2440 0.19044 40.01390 0.10950
10 1300912 0.33778 41.29120 0.14320
150 PS15cku 0.02325 35.17700 0.15190
4 05D4cq 0.69918 43.17830 0.14320
100 Aphrodite 1.29911 44.97500 0.17900
15 480064 0.24284 40.68990 0.17520
10 1334620 0.19635 40.02200 0.18000
61 1994M 0.02464 35.06340 0.14190
4 04D1iv 0.99646 43.96210 0.16490
15 100163 0.31782 41.19550 0.13490
4 06D4dh 0.30161 40.98330 0.09120
10 1337325 0.63873 42.91000 0.17900
4 06D2ce 0.82206 43.41110 0.20110
57 SNF20080514-002 0.02219 35.14510 0.12460
5 2009ad 0.02844 35.42960 0.10520
15 440042 0.15921 39.55390 0.13230
56 2008hs 0.02008 34.86300 0.18300
62 2000fa 0.02240 34.90170 0.17230
57 2003fa 0.04056 36.12310 0.09430
1 18749 0.18948 39.82980 0.15330
15 460037 0.30251 41.01440 0.15550
63 2001V 0.01549 33.90030 0.14660
63 2004bg 0.02234 34.98270 0.13020
5 2005bo 0.01463 33.85540 0.25860
51 2005ki 0.02035 34.59780 0.13020
150 ASASSN-15ss 0.03599 36.06730 0.12850
10 1343533 0.36839 41.67570 0.23010
50 2001cn 0.01515 33.99110 0.19260
150 ASASSN-15fa 0.02741 35.65240 0.14950
1 18721 0.40138 41.49940 0.20490
4 05D1if 0.76165 43.24500 0.16390
4 04D3gt 0.45163 41.80970 0.20500
4 05D2ab 0.32446 41.18310 0.08520
56 2013ag 0.02066 34.92190 0.24470
150 ATLAS16bwu 0.07091 37.48710 0.15590
51 2011fe 0.00122 29.11300 1.48970
57 2007af 0.00625 32.17510 0.30440
10 1263715 0.29196 40.88590 0.11420
1 15161 0.24865 40.40610 0.12950
61 1994S 0.01588 34.14270 0.14610
1 17629 0.13658 38.94420 0.13780
1 13578 0.22683 40.18280 0.15890
5 2005ir 0.07520 37.66610 0.10440
1 13354 0.15671 39.29920 0.15020
4 06D4cl 0.99784 43.83200 0.16520
1 16100 0.19407 39.91300 0.18560
4 04D1pp 0.73368 43.09510 0.13510
4 05D2ck 0.69992 43.21130 0.19920
4 04D1ow 0.91354 43.68620 0.16140
50 2002bf 0.02525 35.01740 0.17440
10 1303004 0.29504 40.88890 0.10750
150 ASASSN-16lg 0.02116 34.48590 0.13670
4 06D3gn 0.25080 40.57890 0.15950
1 18486 0.24551 40.22030 0.12880
62 2000cn 0.02303 35.07690 0.15860
1 18030 0.15536 39.49690 0.12620
5 2009Y 0.00996 32.83270 0.23560
51 2013dr 0.01690 34.34300 0.25440
4 06D3ed 0.40463 41.79370 0.11320
4 04D1rx 0.98347 44.06550 0.18060
63 2001az 0.04101 36.41890 0.10440
1 17391 0.18869 39.75340 0.20430
15 160126 0.36034 41.20350 0.15780
10 1334597 0.28905 40.80410 0.10240
4 06D3em 0.69072 43.03590 0.25090
63 2001eh 0.03725 36.09160 0.10340
10 1292195 0.82929 43.64830 0.20040
64 2006N 0.01427 34.01140 0.16520
150 ATLAS17bas 0.02357 34.70090 0.17030
150 PS15bwh 0.07158 37.36600 0.10970
1 6422 0.18515 39.73340 0.10930
5 2005bg 0.02434 35.11650 0.12590
51 2013fa 0.01479 33.88120 0.25860
57 2000dn 0.03148 35.81500 0.15100
1 4679 0.33115 41.06680 0.17500
1 20768 0.23746 40.79150 0.21970
150 AT2017yk 0.04691 36.88990 0.18420
56 2021pit 0.00384 31.11580 0.51150
150 ASASSN-16jf 0.01096 33.69730 0.21230
4 05D4dy 0.80806 43.82710 0.19610
15 530251 0.41140 41.92780 0.17120
15 000011 0.38153 41.78660 0.15090
5 2006py 0.05653 37.00790 0.12070
56 2015F 0.00506 31.53370 0.39280
61 1996X 0.00650 32.07560 0.29700
10 1303883 0.25904 40.66740 0.10000
65 2008hv 0.01375 33.88840 0.15690
64 2006al 0.06886 37.54340 0.12200
15 000215 0.46654 42.17030 0.09520
1 13136 0.37057 41.69150 0.17670
150 SN2016hpx 0.03282 35.75250 0.13240
1 20186 0.35247 41.55870 0.20450
150 PSNJ1602512 0.02052 34.69410 0.21370
1 8495 0.21365 40.09050 0.13680
61 1996bl 0.03459 35.82870 0.10860
56 2015bp 0.00601 32.57960 0.33450
57 2004br 0.02464 34.91800 0.12140
10 1345594 0.42249 41.79910 0.18960
4 05D4cw 0.37353 41.43040 0.08900
15 580104 0.32223 40.98350 0.10730
1 1316 0.21578 40.31020 0.15880
1 19230 0.21967 39.97990 0.17740
1 14984 0.18289 39.91250 0.16020
150 iPTF17dz 0.09293 38.38300 0.19320
1 13727 0.22543 40.20140 0.13990
62 1999ej 0.01502 34.31420 0.16020
57 2006bt 0.03121 35.87560 0.14470
10 1334644 0.28814 40.83160 0.12800
15 020096 0.22578 40.11310 0.12210
10 1316385 0.14737 39.15350 0.12420
4 04D3ks 0.75074 43.01030 0.21390
10 1337272 0.50282 42.27830 0.15140
4 05D1ix 0.48888 42.19580 0.12800
4 05D4ef 0.60328 42.85730 0.12930
1 15203 0.20329 39.96780 0.12120
57 2001cj 0.02494 35.31270 0.14880
50 2000bh 0.02412 34.98640 0.14820
150 ASASSN-16hc 0.05151 36.70760 0.10550
1 2246 0.19434 39.95210 0.16350
1 18782 0.36637 41.37770 0.19820
5 2006gj 0.02803 35.81270 0.18390
150 ATLAS16agv 0.04819 36.61700 0.11320
15 120369 0.33047 41.35670 0.09030
4 05D1cl 0.82860 43.71760 0.18270
57 2004bw 0.02116 34.90900 0.13290
4 05D3mn 0.76076 43.18010 0.13670
4 04D2gp 0.73395 43.33970 0.26760
4 04D4ih 0.93191 43.85390 0.16780
4 04D3gx 0.91081 43.89450 0.19290
1 12881 0.23685 40.17760 0.18480
1 13956 0.26083 41.30270 0.26480
4 04D2mc 0.34949 41.13360 0.15180
4 05D4gw 0.80605 43.46510 0.25310
62 1997bq 0.01091 33.17960 0.21850
150 2017erp 0.00676 32.28080 0.31140
10 1346387 0.34446 41.43560 0.09260
1 15704 0.36962 41.49460 0.16930
15 350080 0.28588 40.79730 0.11940
1 17809 0.28758 40.55020 0.18100
1 14019 0.21521 40.52810 0.17120
15 370394 0.33090 41.12030 0.12520
1 1688 0.35774 41.38830 0.22060
15 110719 0.42793 42.40010 0.16650
4 04D3oe 0.75675 43.37140 0.16940
4 03D1fc 0.33103 41.12810 0.09010
1 19757 0.40138 41.34150 0.14890
5 2006bh 0.01028 33.38820 0.19520
150 PS16bby 0.05468 36.92900 0.12430
150 ASASSN-15nr 0.02344 34.91760 0.18120
15 440162 0.41936 41.80770 0.13420
4 03D1aw 0.58080 42.81130 0.17240
15 300105 0.09205 38.26470 0.18010
1 17435 0.21689 40.15770 0.13360
150 Gaia16bba 0.02990 35.55040 0.12620
1 2561 0.11760 38.66320 0.16880
15 370563 0.18527 39.90890 0.09580
4 05D3jr 0.37062 41.38750 0.17590
15 570062 0.12383 38.94630 0.10450
56 2012fr 0.00502 31.24210 0.39020
1 18604 0.17498 39.83350 0.12770
56 2013aa 0.00331 30.55660 0.56270
57 2001en 0.01502 34.10430 0.15870
10 1337228 0.57737 42.76350 0.20580
1 8598 0.36033 41.44510 0.16870
5 2006ej 0.02023 34.68050 0.12900
57 2004ef 0.03012 35.63050 0.13250
56 2009jb 0.02307 34.87860 0.22760
51 2013gy 0.01291 33.83890 0.16230
1 2372 0.17973 39.64580 0.12520
150 PS17tn 0.04590 36.50830 0.13150
150 ASASSN-15tz 0.02365 35.05110 0.18650
1 12983 0.26408 40.70960 0.26540
10 1304442 0.22449 40.25660 0.11960
57 1999cp 0.00954 33.15030 0.22260
63 2001fe 0.01467 34.00230 0.16180
10 1302187 0.21941 40.13640 0.13540
10 1343337 0.33897 41.20410 0.22500
66 2010Y 0.01250 33.85440 0.17290
150 PTSS17-niq 0.06897 37.39970 0.11950
65 2007le 0.00630 32.13860 0.36760
4 04D2an 0.62183 42.69750 0.18830
5 2005eq 0.02811 35.64700 0.11080
10 1281886 0.38402 41.64630 0.13590
5 2005am 0.00889 32.49450 0.22370
10 1283878 0.31296 41.14480 0.13640
15 580275 0.38248 41.49610 0.18240
4 05D3jh 0.71874 42.97870 0.12680
1 19128 0.28555 40.94070 0.16630
150 ASASSN-15la 0.02902 35.18710 0.14480
150 SN2016gfr 0.01671 33.98320 0.17030
10 1343401 0.38291 41.49120 0.14100
150 PSNJ0717457 0.00861 32.83790 0.26480
65 2007kh 0.05032 36.60760 0.22640
61 1995D 0.00840 32.58920 0.23410
4 05D4bj 0.69918 43.05030 0.21490
50 1993ag 0.04985 36.73500 0.16640
4 04D1hd 0.36799 41.58440 0.10570
4 04D4hu 0.70117 43.20320 0.17870
57 2002ef 0.02273 34.81420 0.23580
1 12977 0.24656 40.36110 0.16970
15 110716 0.31588 41.30330 0.16060
10 1337687 0.32868 41.19660 0.09290
61 1995ak 0.02188 34.78230 0.16490
50 1992al 0.01387 33.81570 0.15640
150 AT2016cvv 0.04438 36.65040 0.15900
15 070955 0.34932 41.26040 0.11040
150 PS16bnz 0.06446 37.19550 0.10150
10 1299775 0.16004 39.17980 0.16710
4 04D2fs 0.35850 41.27390 0.18780
51 2007fs 0.01666 34.44970 0.13340
57 2002de 0.02863 35.47030 0.18700
1 16069 0.12706 38.89910 0.17410
4 04D1aj 0.71969 43.07460 0.23320
1 2916 0.12316 38.68440 0.19470
56 PS1-14xw 0.02405 35.20870 0.20940
150 AT2016htn 0.05222 36.96310 0.14670
51 2018gv 0.00613 32.17430 0.30630
5 2015F 0.00506 31.58920 0.37030
15 050303 0.32842 41.43460 0.20420
15 040780 0.23082 40.22040 0.19330
5 2008go 0.06137 37.07040 0.09650
5 2009D 0.02453 35.11080 0.10910
64 2006et 0.02198 34.87650 0.17490
15 310188 0.31901 41.26660 0.09420
57 2001bf 0.01581 34.09640 0.16310
4 03D4au 0.46643 42.43770 0.26150
57 2002cs 0.01590 34.11960 0.18780
1 18485 0.27832 40.69480 0.12590
10 1296657 0.14638 39.32000 0.13090
1 20376 0.20840 39.76670 0.18900
15 560033 0.07895 37.72540 0.19610
57 1998dm 0.00631 32.94450 0.37540
4 04D4fx 0.62725 42.69380 0.16760
15 180561 0.22865 40.27160 0.20710
18 ASASSN-16hh 0.02978 35.59070 0.12890
15 370367 0.47163 42.04460 0.14060
4 05D2my 0.98324 43.92890 0.15990
10 1338278 0.56437 42.51880 0.20510
4 05D1dn 0.56481 42.59070 0.13540
150 PS15bzz 0.07931 37.64900 0.10100
15 100090 0.17297 39.84860 0.17060
10 1341370 0.40895 41.83210 0.15700
1 17218 0.17713 39.61020 0.12230
15 120400 0.35149 41.45630 0.09590
62 1999ac 0.01017 33.07950 0.23530
65 2008hs 0.02008 34.85010 0.14010
64 2006az 0.03203 35.61030 0.10180
57 2002ha 0.01266 33.80810 0.16340
64 2007F 0.02417 35.19760 0.12540
1 21033 0.22800 40.19710 0.15190
51 2007fb 0.01733 34.50860 0.15110
18 2017erp 0.00676 32.29720 0.29920
1 15229 0.22271 40.25970 0.14770
1 12927 0.18906 39.53430 0.10650
51 2008go 0.06137 37.06370 0.13530
4 04D4ic 0.68519 43.12390 0.25180
57 2006en 0.03162 35.74840 0.13250
1 5966 0.30834 41.01100 0.19030
10 1335564 0.60626 42.73530 0.18750
10 1319366 0.23494 40.28730 0.11620
150 SN2016ixf 0.06711 37.53840 0.13400
18 2018gv 0.00613 32.04520 0.30690
15 390471 0.37062 41.19350 0.09230
1 20048 0.18402 39.87790 0.15560
1 5103 0.16077 39.31520 0.15250
15 350606 0.34448 41.41700 0.20420
4 06D3et 0.57668 42.53800 0.11790
15 470110 0.34545 41.32170 0.15770
1 12860 0.12058 38.88030 0.17060
1 19353 0.15341 39.34300 0.12960
100 Manipogo 0.85482 43.74000 0.21020
63 2002dj 0.00937 32.96100 0.23080
150 PTSS-16efw 0.03568 36.31360 0.12890
63 2001ah 0.05886 37.09060 0.15080
50 1994DRichmond 0.00299 30.89720 0.61400
4 04D1oh 0.58879 42.60630 0.15270
57 2002eu 0.03790 36.16790 0.10920
10 1334087 0.26640 40.41300 0.18020
10 1304127 0.72866 43.13840 0.19210
65 2009ds 0.02019 34.81680 0.13150
150 MASTEROTJ08 0.03118 35.78710 0.11640
57 2006ef 0.01734 34.47470 0.14720
150 ATLAS16cpu 0.01865 34.70040 0.16130
64 2006cj 0.06865 37.76820 0.11180
64 2005ki 0.02035 34.68950 0.12810
1 12950 0.08167 37.81470 0.15340
10 1338471 0.53124 42.64380 0.28240
100 Vilas 0.93585 43.65200 0.16530
10 1293319 0.29695 40.90030 0.13310
51 2016coj 0.00570 32.02440 0.32790
15 310051 0.27057 40.63330 0.14480
63 2003it 0.02523 35.18020 0.14040
15 120085 0.32206 40.85220 0.13640
10 1282736 0.37805 41.48860 0.14610
4 04D3lp 0.98383 44.10730 0.24750
4 05D3mq 0.24660 40.51440 0.09980
57 2002fk 0.00719 32.57680 0.26640
64 2005eu 0.03516 35.89650 0.11440
10 1328066 0.44886 42.01120 0.14520
15 430003 0.32851 41.02100 0.20880
15 530219 0.32848 41.47650 0.17760
150 SN2017cii 0.03289 35.94830 0.11810
1 1253 0.26175 40.46740 0.16050
15 120086 0.39255 41.58670 0.16540
50 1992bp 0.07858 37.52460 0.15370
51 2008gl 0.03266 35.74530 0.11550
50 2017cbv_wee 0.00331 30.55400 0.55400
5 2006gt 0.04464 36.60650 0.18100
4 05D2by 0.89314 43.79970 0.19520
56 iPTF14bdn 0.01603 34.21920 0.18700
1 15201 0.20748 40.34710 0.23480
1 2165 0.28675 41.00700 0.15560
56 2011hb 0.02820 35.39040 0.19840
150 AT2017po 0.03255 35.70000 0.13360
1 17825 0.16016 39.41190 0.14690
51 2008gp 0.03353 35.82270 0.11030
1 3080 0.17331 39.48540 0.09290
15 000220 0.21972 40.18770 0.08460
150 PS16evk 0.05262 37.01990 0.14390
57 2000fa 0.02240 34.86280 0.19460
65 2007is 0.02866 35.46050 0.13050
4 05D3hh 0.76674 43.47600 0.18330
51 2010ao 0.02383 35.05500 0.13210
1 1241 0.08870 37.88060 0.17390
1 3087 0.16448 39.36080 0.14570
4 05D2hc 0.35149 41.59840 0.12320
10 1336687 0.23391 40.32460 0.17170
4 03D1au 0.50316 42.24950 0.16010
15 330106 0.53099 41.99540 0.16500
4 06D4bw 0.73014 43.02890 0.21560
5 2007le 0.00630 32.20290 0.36670
5 2007bd 0.03120 35.68740 0.10010
5 2008gp 0.03353 35.75670 0.09720
5 2007ux 0.03264 35.98240 0.12800
1 15356 0.27351 40.53940 0.15400
10 1324542 0.54152 42.64880 0.16870
5 2004gs 0.02857 35.70380 0.15330
64 2007ae 0.06533 37.19680 0.10570
1 3592 0.08572 37.94480 0.08840
5 2013aa 0.00331 30.61990 0.55460
1 18650 0.11259 38.71450 0.11420
150 PS15asb 0.04989 36.58570 0.12460
10 1289656 0.53942 42.45800 0.16620
4 04D3fq 0.74276 43.19420 0.22080
10 1341894 0.31303 41.12980 0.11960
1 9457 0.25683 40.56920 0.17920
15 160200 0.42360 41.96340 0.28590
4 03D3aw 0.44964 42.10640 0.13060
10 1306360 0.45477 42.00830 0.19470
10 1329312 0.34487 41.35670 0.11570
57 2005am 0.00889 32.47960 0.22840
1 17464 0.24569 40.03470 0.20460
57 2001eh 0.03725 36.10550 0.09790
64 2006gr 0.03428 36.03790 0.14260
10 1329196 0.76932 43.33180 0.12280
57 2006cp 0.02239 34.97270 0.14190
57 2008ei 0.03702 36.16980 0.22650
15 130862 0.33298 41.45390 0.13960
4 04D3nh 0.34061 41.29550 0.12930
1 15132 0.15318 39.32230 0.08660
15 370498 0.26094 40.73930 0.08980
1 19992 0.22466 40.47630 0.14250
150 PS16ccn 0.02457 35.29230 0.12670
150 AT2017cfb 0.02266 34.96400 0.13580
57 2000cu 0.01866 34.71000 0.18610
50 2001ba 0.03107 35.76790 0.13120
15 470041 0.33189 41.13800 0.09900
10 1342255 0.21899 40.14980 0.08780
4 04D1pg 0.51387 42.35690 0.23660
150 AT2017wb 0.03117 35.65930 0.18580
1 20040 0.28665 40.71410 0.15820
4 04D2kr 0.74607 43.08760 0.17310
1 13796 0.14747 39.06730 0.12270
1 15219 0.24650 40.46360 0.12020
4 05D3hs 0.66470 42.98680 0.15540
15 000202 0.61983 42.87870 0.10490
57 2008dr 0.04014 36.38930 0.10040
4 04D2al 0.83808 43.37940 0.27070
5 2005ki 0.02035 34.67430 0.12060
51 2009fv 0.03052 35.51940 0.17550
10 1253039 0.45346 42.00940 0.09870
50 1992P 0.02736 35.42710 0.14820
5 2008bz 0.06099 37.27640 0.08370
150 AT2016fbk 0.03576 36.27680 0.15320
51 2014ai 0.02302 35.13550 0.17980
15 010010 0.09950 38.56170 0.13420
10 1290127 0.45218 42.12490 0.15980
57 2005M 0.02598 35.40160 0.12180
50 2019ein 0.00883 32.98340 0.22640
15 110426 0.54097 42.38020 0.16690
1 17220 0.17786 39.40470 0.17400
4 05D1iz 0.85858 43.84260 0.21970
150 Gaia16aki 0.07393 37.66520 0.12270
65 2009Y 0.00996 33.00240 0.21800
57 2008Z 0.02118 35.23160 0.20520
64 2007ci 0.02319 34.54300 0.13260
10 1289664 0.25919 40.41570 0.10740
1 16093 0.33450 41.18070 0.17250
50 2002er 0.00906 32.82910 0.28260
1 17389 0.16971 39.74980 0.20310
4 04D3nc 0.81779 43.62170 0.18060
50 2007gi 0.00587 31.85760 0.34050
15 350180 0.28949 41.10080 0.15610
150 ASASSN-16cs 0.01905 34.51470 0.19230
64 2005cf 0.00727 32.41730 0.27440
1 18807 0.17639 39.80750 0.10840
10 1334084 0.13366 38.97780 0.17450
10 1253920 0.19553 39.83760 0.10100
4 06D2cc 0.53372 42.26360 0.21420
5 2006lu 0.05346 36.95430 0.08980
150 2016W 0.01995 34.48000 0.19430
10 1306141 0.33237 41.10390 0.10520
66 2009na 0.02202 34.86270 0.13480
1 13894 0.11988 38.86360 0.23470
15 470232 0.20083 40.10720 0.13200
50 1981B 0.00317 30.91160 0.58740
50 2008fv_comb 0.01091 33.29700 0.25710
1 12971 0.23395 40.23420 0.15100
15 000034 0.25330 40.49470 0.10700
15 170078 0.32096 41.35700 0.14210
1 18466 0.21239 40.11780 0.13450
1 12928 0.13875 39.09210 0.12580
10 1294743 0.31267 41.17130 0.17400
64 2006on 0.07089 37.53940 0.15260
63 2004as 0.03296 36.00710 0.14980
4 03D4cz 0.69318 43.02300 0.22000
15 110460 0.19953 39.96460 0.17770
4 05D3cq 0.89079 43.46860 0.16590
1 6192 0.27103 40.75440 0.17860
15 050293 0.36017 41.30710 0.13380
1 6649 0.31300 40.94080 0.15160
4 04D3fk 0.35842 41.35970 0.14420
5 2006bt 0.03121 35.84200 0.14430
150 ASASSN-17bs 0.02056 34.67880 0.16950
15 050005 0.52859 42.19660 0.13780
10 1289555 0.56181 42.41220 0.15210
150 ATLAS16cxr 0.01542 34.43340 0.21160
1 17215 0.18092 39.69950 0.14940
15 160039 0.27094 40.61850 0.11570
150 SN2016ajf 0.02134 34.87640 0.21510
51 2011df 0.01493 33.94340 0.18880
1 5717 0.25051 40.64720 0.14190
150 ASASSN-15pr 0.03264 36.02730 0.13380
15 151034 0.13281 38.90980 0.08130
5 2005W 0.00838 32.94720 0.25850
15 520077 0.25019 40.71900 0.12210
15 360112 0.18086 39.73270 0.11210
1 13135 0.10361 38.44060 0.08810
51 2013ex 0.01133 33.52070 0.19380
5 2006ob 0.05824 37.08510 0.09540
15 350078 0.30089 41.30760 0.19900
150 AT2017ns 0.02849 35.31980 0.24590
15 170428 0.30020 41.09370 0.12140
64 2006cz 0.04289 36.00820 0.18740
1 19027 0.29123 40.51420 0.17020
10 1316465 0.32907 41.18840 0.10400
150 PS15cms 0.06627 37.47980 0.14190
5 2006ev 0.02810 35.76450 0.14720
4 03D1co 0.67773 43.32640 0.21700
4 03D3cd 0.46135 41.96110 0.15630
50 2005df_ANU 0.00407 31.48870 0.45700
4 04D2iu 0.70192 43.02560 0.30350
64 2006bq 0.02271 34.98170 0.13720
15 150254 0.27516 40.65100 0.16210
4 05D4ej 0.58330 42.90100 0.13230
57 2002he 0.02517 35.22220 0.10650
4 04D2gb 0.45162 41.69900 0.14740
10 1335472 0.50593 42.20220 0.11400
1 13072 0.22928 40.29940 0.14560
10 1315296 0.41266 41.92000 0.22180
57 2004bg 0.02234 34.89340 0.12360
1 8213 0.18484 39.71180 0.18700
106 rutledge 1.61505 45.29260 0.19910
150 ASASSN-15lu 0.03635 36.12750 0.12430
66 2009le 0.01784 34.35330 0.15200
10 1285317 0.56437 42.51580 0.15190
5 2008bc 0.01546 34.09440 0.14970
65 2008at 0.03505 35.93130 0.20960
57 2000cw 0.02949 35.71310 0.15350
56 2011by 0.00342 32.03390 0.54310
1 2330 0.21195 40.53160 0.22850
1 15466 0.24444 40.25330 0.16340
1 16211 0.30949 41.06080 0.22260
1 19604 0.29461 41.20920 0.24590
1 7143 0.30365 41.12020 0.14420
1 13025 0.22299 40.39380 0.20200
1 14108 0.13258 39.31140 0.11480
15 520016 0.45106 42.05340 0.13830
1 13411 0.16190 39.50360 0.17720
15 050296 0.35099 41.37690 0.11090
57 2006ac 0.02432 35.10020 0.11800
4 05D1cc 0.56283 42.53670 0.16340
150 ASASSN-15hg 0.03143 35.76560 0.13100
15 350027 0.30581 41.06960 0.11240
15 480184 0.33089 41.27760 0.16550
1 18804 0.19741 39.78960 0.09410
150 SN2016esh 0.04583 36.27770 0.12470
51 2007F 0.02417 35.05740 0.14100
57 2002cr 0.00954 33.34280 0.20500
57 2005cf 0.00727 32.41410 0.26840
1 19023 0.24191 40.38270 0.15320
4 05D1kl 0.55882 42.83340 0.25530
4 04D2mh 0.59179 42.55060 0.17970
15 460105 0.21084 40.08890 0.10770
57 2004as 0.03296 35.84510 0.14530
15 360140 0.23092 40.42190 0.11870
5 2006fw 0.08282 37.91720 0.10780
18 2017hoq 0.02303 35.08410 0.12870
15 090275 0.13955 39.14980 0.09430
15 420087 0.24860 40.59730 0.10260
61 1995al_v2 0.00690 32.46910 0.28810
61 1996C 0.02913 35.62930 0.16800
106 Primo 1.54901 45.42960 0.17150
15 160070 0.35909 41.56680 0.11800
1 6933 0.21179 39.96050 0.13870
10 1337649 0.26162 40.54300 0.14060
15 180313 0.51016 42.20740 0.10190
64 2006cq 0.04944 36.69200 0.11670
1 15222 0.19817 39.84430 0.13260
1 19002 0.27021 40.58920 0.11990
56 2013Q 0.01647 34.07080 0.27460
15 550154 0.21015 40.27560 0.10290
4 06D3en 1.06085 43.93020 0.18710
50 2006dd 0.00616 31.29780 0.31440
64 2008L 0.01755 34.34930 0.14840
56 2013fy 0.03079 35.45840 0.23170
64 2005mc 0.02626 35.44110 0.18930
1 18768 0.19688 40.08760 0.14490
15 050203 0.57619 42.61510 0.14590
15 130308 0.08245 37.95500 0.15400
1 15901 0.20382 39.99550 0.12890
15 580276 0.33848 41.23760 0.13980
15 350050 0.40483 41.46010 0.14270
1 1119 0.29647 41.06760 0.26890
150 ASASSN-16ip 0.01678 34.29660 0.16380
15 580312 0.40293 41.74010 0.19590
10 1262715 0.68935 42.97130 0.10890
150 PS17bii 0.07446 37.55520 0.13380
150 PS16em 0.07083 37.59840 0.30030
15 560150 0.19970 40.01900 0.11860
65 2007ux 0.03264 35.77960 0.17210
1 5994 0.18590 39.81290 0.12620
150 SN2017ms 0.02591 35.24670 0.13090
1 6249 0.29365 40.90710 0.15280
150 PS16fa 0.04760 36.72320 0.10840
1 13689 0.25043 40.51600 0.12440
15 360145 0.19877 40.01290 0.14730
1 19990 0.24896 40.51270 0.13530
1 19149 0.21037 39.53820 0.14620
51 2013dy 0.00432 31.57620 0.45650
1 5737 0.39170 41.51790 0.21810
4 05D3mh 0.67072 43.15640 0.18610
4 06D2ga 0.84208 43.57670 0.23480
1 13044 0.12472 38.86280 0.08800
15 190340 0.13840 39.14100 0.08380
57 2002er 0.00906 32.87140 0.26080
15 150457 0.30352 41.04620 0.09810
4 05D2nt 0.75899 43.35730 0.16150
150 ASASSN-15od 0.01698 34.46300 0.15350
63 2004L 0.03373 35.93520 0.17450
1 2422 0.26363 40.69680 0.14020
150 ATLAS17ajn 0.02978 35.62360 0.12760
51 2009D 0.02453 35.18000 0.14320
57 1998es 0.00966 33.03010 0.25480
150 ATLAS17ajs 0.03451 36.11370 0.23880
4 04D4gg 0.42247 41.77800 0.15730
15 100405 0.10294 38.30900 0.12820
1 8046 0.25772 40.67550 0.16620
4 03D3bl 0.35591 41.48650 0.19990
150 ASASSN-16av 0.02773 35.48480 0.18760
15 310146 0.47941 41.99530 0.13180
10 1283936 0.36857 41.60040 0.21830
1 18740 0.15336 39.19890 0.11490
15 510638 0.27020 40.76410 0.10390
4 05D4cn 0.76110 43.28440 0.16120
10 1290816 0.21845 40.35940 0.12780
4 04D4id 0.76709 43.66350 0.17330
64 2006kf 0.01947 34.88900 0.13560
150 ASASSN-16fs 0.02944 35.39800 0.12060
15 590002 0.20128 39.98370 0.09560
5 2012ht 0.00465 32.14210 0.40090
51 2008Y 0.07056 37.40380 0.15640
1 15461 0.18493 39.71030 0.09330
64 2006ax 0.01747 34.43320 0.13360
15 470043 0.07090 37.84630 0.14750
4 04D4in 0.51437 42.33890 0.13400
56 2011B 0.00543 31.76220 0.35560
1 15287 0.23639 40.46690 0.11420
1 16213 0.24871 40.46720 0.13880
10 1338170 0.38672 41.51300 0.17670
10 1299643 0.37676 41.54230 0.10250
4 05D3kt 0.64870 42.84110 0.20110
64 2006td 0.01450 34.27410 0.22780
50 1980N 0.00502 31.36060 0.37490
1 19207 0.25731 40.63890 0.18100
4 06D4cq 0.40949 41.79260 0.11890
10 1262214 0.68936 43.16950 0.19160
1 15421 0.18459 39.88830 0.10070
1 17223 0.23395 40.22280 0.19490
15 560152 0.24862 40.48550 0.15300
150 ASASSN-15lg 0.02044 34.77690 0.14510
56 2013gh 0.00838 32.80770 0.32710
10 1248677 0.35015 41.30770 0.08760
4 05D2le 0.70192 43.14440 0.17400
61 1994ae 0.00588 32.29340 0.32040
10 1292336 0.23367 40.32310 0.15730
10 1335717 0.30476 41.17760 0.14990
1 14212 0.20320 40.05470 0.10510
4 05D3cf 0.41965 41.91980 0.15960
4 05D4ag 0.63824 42.76500 0.23430
1 19174 0.16375 39.36760 0.14350
4 05D4fo 0.37153 41.54690 0.11320
10 1319821 0.30878 41.11930 0.10340
10 1346137 0.36325 41.49440 0.14300
56 2014bv 0.00643 32.50840 0.32750
4 03D1ax 0.49579 42.19280 0.10700
10 1261579 0.32223 41.00510 0.08870
62 1997br 0.00665 31.82090 0.35730
57 2001br 0.02090 34.91970 0.20030
64 2006ac 0.02432 35.07130 0.12690
50 1994D 0.00299 30.83200 0.61420
18 2017cbv 0.00331 30.59840 0.55520
10 1314897 0.33671 41.16600 0.11870
1 14871 0.11861 38.80590 0.11400
65 2007A 0.01682 34.63790 0.17500
1 19341 0.23556 40.31000 0.15630
1 19775 0.13700 39.08800 0.15810
150 PSNJ2043531 0.01492 34.30040 0.24290
4 05D4bi 0.77309 43.46590 0.19860
1 12972 0.25669 40.59630 0.16910
100 Frodo 0.73432 43.04860 0.17180
56 2009Y 0.00996 32.74570 0.26840
10 1279500 0.23481 40.40820 0.10450
15 360156 0.04656 36.64670 0.13910
1 13152 0.20231 39.71510 0.15350
50 1992ag 0.02585 34.86470 0.21140
4 04D3ez 0.26360 40.52420 0.11710
4 04D3dd 1.00285 44.24470 0.23090
56 2011im 0.01549 34.37760 0.22780
15 510251 0.24020 40.50990 0.15340
66 2009nq 0.01575 34.25410 0.19780
15 590005 0.17124 39.66490 0.13410
150 SN2016glz 0.04077 36.09350 0.14430
15 490007 0.05541 36.98280 0.13220
100 Borg 1.34101 44.87140 0.20030
10 1334423 0.35800 41.48310 0.13890
150 ASASSN-16hz 0.02466 34.94170 0.20710
51 2011by 0.00342 31.90650 0.53900
18 2016hpw 0.02034 34.91960 0.16350
15 470008 0.23950 40.03260 0.10350
10 1330426 0.25952 40.56930 0.09960
64 2005hc 0.04575 36.57780 0.12000
1 20111 0.24280 40.49530 0.16130
57 2005na 0.02759 35.21300 0.11600
1 5549 0.12014 38.70120 0.14040
56 2013hn 0.01591 34.18280 0.18960
106 stone 1.80119 45.63570 0.17100
4 04D2mj 0.51469 42.39040 0.25530
1 2533 0.33891 41.11780 0.17610
1 15213 0.30642 41.04250 0.12110
65 2008ar 0.02849 35.46750 0.11980
56 2009ig 0.00815 32.48660 0.29240
15 020090 0.41004 41.80990 0.19820
62 1999dq 0.01276 33.56280 0.17990
150 SN2016hhv 0.06121 37.25570 0.12120
150 PS15bbn 0.03624 36.28800 0.12690
5 2008hj 0.03682 36.03520 0.10640
56 2011ao 0.01195 33.60920 0.20450
10 1346956 0.33350 41.16090 0.11680
1 16165 0.15613 39.33520 0.11810
5 2005ku 0.04439 36.40310 0.16940
1 7779 0.37991 41.35490 0.15500
1 7512 0.21846 40.24080 0.16440
1 15171 0.13826 39.04050 0.11290
150 AT2017zd 0.02969 35.38130 0.12780
10 1320166 0.44891 42.11380 0.14380
4 04D1hy 0.84858 43.58760 0.17750
150 CSS160129 0.06844 37.35500 0.12400
100 Thoth 1.30410 44.82920 0.22080
10 1316431 0.19828 40.01060 0.09760
63 2002ha 0.01266 33.82860 0.17040
15 550137 0.41939 41.57290 0.15740
64 2005na 0.02759 35.26040 0.12750
150 SN2016gmb 0.05830 37.07040 0.12600
56 2006ej 0.02023 34.60940 0.19870
57 2021hpr 0.01044 33.20220 0.23530
150 ASASSN-15bc 0.03753 36.06850 0.17260
15 040782 0.33751 41.13050 0.19660
66 2010ai 0.01826 35.10390 0.14030
1 17497 0.14404 39.17370 0.12230
5 2012fr 0.00502 31.26890 0.37360
57 2000cn 0.02303 35.10460 0.18010
100 Mcguire 1.35608 44.93110 0.16000
15 340334 0.30681 41.28650 0.16530
4 05D2bv 0.47565 42.05170 0.11840
15 510578 0.37023 41.50200 0.11060
15 370566 0.07167 37.53970 0.13850
5 2005ag 0.08009 37.77120 0.08470
4 05D1az 0.84059 43.48040 0.18380
5 2007ca 0.01442 34.26760 0.25840
64 2005el 0.01496 34.02880 0.15570
10 1305504 0.49566 42.26750 0.08230
10 1338233 0.60155 42.87970 0.27250
5 2007on 0.00502 31.76190 0.37520
51 2008eo 0.01565 34.42570 0.17230
56 2009cz 0.02348 34.96690 0.17470
150 AT2016hns 0.03740 36.08990 0.10810
10 1249851 0.21507 40.01210 0.28800
15 000010 0.24585 40.55510 0.11570
15 510113 0.29097 40.77790 0.13620
10 1306073 0.32868 41.22520 0.09550
4 04D4an 0.61127 43.01330 0.16850
1 13655 0.25116 40.69870 0.18540
66 2009ig 0.00815 32.79860 0.24880
10 1334879 0.63934 42.89770 0.14800
150 ASASSN-15uw 0.03076 35.73570 0.14140
150 PS15aii 0.04777 36.71410 0.09850
1 19596 0.29145 40.83890 0.17630
10 1338387 0.58390 42.53460 0.13920
5 2005M 0.02598 35.21200 0.13280
51 2010ii 0.02818 35.23170 0.12250
4 06D4ba 0.69818 43.07210 0.23120
65 2008hj 0.03682 36.00420 0.12730
10 1330903 0.56437 42.60730 0.19310
4 04D2gc 0.52271 42.45950 0.18970
1 15354 0.22083 40.13870 0.19170
15 110542 0.42703 41.95780 0.13760
66 2010ag 0.03324 35.93800 0.13330
4 05D3jq 0.57967 42.49610 0.16740
150 PS16el 0.04940 36.58460 0.12180
65 2008C 0.01737 34.37500 0.17610
50 2001bt 0.01252 33.85220 0.21610
51 2009eu 0.03052 36.03100 0.19180
15 350548 0.18082 39.76320 0.09140
56 2007af 0.00625 32.11180 0.32070
56 iPTF13dge 0.01662 34.38530 0.17380
57 2005eu 0.03516 35.91230 0.10370
10 1338128 0.31179 41.17130 0.12910
150 AT2016gmg 0.04865 36.73430 0.12430
4 05D3cx 0.80575 43.32470 0.15970
1 20227 0.27585 40.74270 0.15350
10 1306785 0.57542 42.30890 0.32070
63 2002dp 0.01061 33.48630 0.22060
150 ASASSN-15sf 0.02432 35.35180 0.13190
1 15776 0.31593 40.97350 0.15580
10 1333246 0.43783 42.01120 0.23760
18 2018jjd 0.02521 35.09470 0.12480
150 PS15bif 0.07845 37.67800 0.10530
1 20687 0.19042 39.74830 0.20550
15 520071 0.41161 41.93870 0.10140
50 2001cz 0.01211 33.97760 0.21860
150 PSNJ0252467 0.02816 35.43800 0.13100
10 1300516 0.31052 40.76370 0.20920
150 ASASSN-16ct 0.04306 36.35590 0.14150
15 580300 0.24085 40.52460 0.11480
4 05D1er 0.85857 43.59980 0.21190
10 1302141 0.60876 42.54620 0.24980
10 1289600 0.41960 42.00320 0.14520
57 2007ca 0.01442 34.43440 0.24590
10 1276528 0.24630 40.37400 0.19640
57 2007O 0.03846 36.00430 0.10430
57 2007au 0.01963 34.77830 0.23240
1 15259 0.21066 39.95390 0.15000
150 AT2017oz 0.05614 36.93230 0.13140
150 PS16dnp 0.05023 36.95970 0.11380
50 1998aq 0.00342 31.61620 0.53660
150 PSNJ0107203 0.01682 34.08280 0.15370
4 05D2he 0.60981 42.79250 0.21470
1 14421 0.17417 39.67550 0.09490
10 1307277 0.41123 41.78890 0.21700
65 2009do 0.04099 36.16390 0.10060
150 2018gv 0.00613 32.02590 0.30910
15 500511 0.33498 41.14570 0.12030
1 19794 0.29580 41.04860 0.23370
150 ASASSN-15uu 0.02632 35.15050 0.23870
1 16482 0.20948 39.92450 0.18320
50 1992bh 0.04440 36.66060 0.15470
4 04D1de 0.76666 43.53410 0.16900
10 1301933 0.32968 41.22390 0.07680
51 2013gh 0.00838 32.63230 0.31300
1 19101 0.18580 39.65220 0.17280
56 PTF10icb 0.00993 33.59190 0.25570
15 050251 0.38781 41.75410 0.19620
1 6780 0.20279 39.91130 0.13200
4 04D1pd 0.94852 43.77440 0.16680
10 1250017 0.18231 39.80580 0.10560
5 2008R 0.01234 33.92400 0.18260
1 20625 0.10707 38.56990 0.10390
150 PS15bjg 0.06786 37.60340 0.12700
5 2009aa 0.02819 35.42470 0.11500
4 05D4dt 0.40550 41.89400 0.09310
1 12855 0.17076 39.47720 0.18540
4 05D1ee 0.55782 42.54570 0.13710
15 020027 0.11001 38.69630 0.12400
15 370098 0.22132 40.16990 0.09820
51 2013bs 0.02846 35.52020 0.11690
4 06D4ce 0.84800 43.61070 0.20510
4 05D3ht 0.90179 43.83860 0.18280
15 510457 0.50306 42.26290 0.23020
4 05D2eb 0.53572 42.32440 0.14740
1 20345 0.26370 40.43590 0.13250
57 2001cp 0.02177 35.05780 0.15020
150 ASASSN-15mf 0.02695 35.23840 0.12140
1 18697 0.10661 38.36950 0.13470
15 380318 0.33818 41.26770 0.14420
10 1302523 0.42399 41.84750 0.08800
15 430004 0.23162 40.31690 0.15720
15 500301 0.32560 41.39080 0.16490
5 2008ar 0.02849 35.39570 0.11680
51 2012cg 0.00256 30.83600 0.73260
1 9045 0.38938 41.63880 0.20060
100 Sasquatch 1.39103 44.91370 0.25480
15 390627 0.16061 39.54480 0.09920
5 2005mc 0.02626 35.38440 0.18140
1 13099 0.26463 40.74590 0.18590
57 2007fr 0.04859 37.03800 0.11260
15 500038 0.10794 38.52370 0.13090
65 2007hu 0.03551 36.10110 0.24140
51 2008eq 0.05728 37.16260 0.14910
4 05D2mp 0.35519 41.58230 0.15010
1 13070 0.19733 39.90490 0.09600
1 9032 0.25260 40.45390 0.19710
63 2003ch 0.02930 35.70470 0.11320
1 14397 0.38503 41.55960 0.16590
150 ASASSN-17co 0.01826 34.31280 0.18770
1 5550 0.15511 39.28580 0.11380
4 04D4jr 0.46842 42.08670 0.13090
65 2009an 0.01047 33.34370 0.20440
15 020176 0.26062 40.62930 0.11850
150 CSS160428 0.03148 35.82660 0.10950
65 2009bv 0.03848 36.38130 0.10070
10 1287626 0.30404 40.85050 0.13840
15 350083 0.36790 41.38320 0.11540
15 080723 0.43020 41.95500 0.11160
5 2006ot 0.05202 36.97420 0.13690
15 370329 0.47786 42.36080 0.15570
57 2007le 0.00630 32.19660 0.36560
18 ASASSN-18iu 0.02207 34.99420 0.12390
10 1315192 0.22726 40.22280 0.13710
10 1337117 0.55384 42.20590 0.12400
1 12856 0.17042 39.57190 0.09190
4 05D4ev 0.72015 43.27370 0.16590
10 1340454 0.41995 41.57500 0.19180
57 2002dj 0.00937 32.99560 0.21490
1 15508 0.13372 38.94790 0.11130
56 2013gs 0.01776 34.33840 0.21210
56 2013cs 0.00935 32.43960 0.27410
15 030066 0.22542 40.28110 0.11750
4 04D4hf 0.93391 43.76580 0.27730
1 15453 0.17384 39.81900 0.13540
5 2007hx 0.07875 38.19180 0.12180
1 762 0.19025 39.97540 0.11250
4 05D3kx 0.21959 40.17510 0.08690
15 460003 0.15084 39.29570 0.09070
10 1333438 0.39944 41.84350 0.19290
1 16259 0.11792 38.70770 0.14840
15 310574 0.23662 40.38400 0.10780
5 2007A 0.01682 34.55720 0.18470
1 18323 0.15291 39.42290 0.12380
5 2008bf 0.02482 35.16440 0.10670
1 4046 0.27557 40.67680 0.17770
106 washington 1.32910 44.98060 0.15810
15 310039 0.17169 39.57020 0.14830
5 2005hc 0.04575 36.62140 0.10410
101 SCP05D6 1.31317 44.90210 0.20770
64 2005ms 0.02669 35.41820 0.12330
57 1999gp 0.02691 35.39360 0.14220
65 2008cf 0.04682 36.59950 0.12450
5 2007jd 0.07222 37.70830 0.13050
1 19033 0.39660 41.86110 0.24280
4 05D4ff 0.40050 41.60650 0.10750
4 03D1bp 0.34602 41.44720 0.09310
150 ASASSN-16ad 0.01529 34.15390 0.18770
65 2007sw 0.02510 35.03330 0.20290
50 1997bq_JB 0.01091 33.18000 0.21940
63 2002G 0.03731 36.03650 0.20000
63 2002cr 0.00954 33.35770 0.20990
15 310238 0.28405 40.69790 0.10770
10 1303279 0.17270 39.39070 0.10270
15 440509 0.31901 41.02080 0.11470
1 7473 0.21472 40.17740 0.12730
15 350235 0.26393 40.68280 0.11500
10 1292560 0.22493 40.23540 0.10120
1 6137 0.29893 40.98300 0.18290
62 2000cf 0.03707 36.15620 0.11390
150 ASASSN-17at 0.02713 35.37540 0.12360
64 2006mo 0.03702 36.18250 0.11850
15 110478 0.26460 40.63980 0.13780
56 iPTF13ebh 0.01114 33.83740 0.22930
15 050201 0.55021 42.44880 0.13730
10 1334645 0.24711 40.32080 0.09180
57 2006gr 0.03428 36.01440 0.14050
5 2007jg 0.03756 36.30650 0.11730
10 1317286 0.28207 40.72240 0.10080
150 MASTERJ0134 0.04369 36.38050 0.12230
4 04D4bq 0.54834 42.12840 0.23750
65 2008gl 0.03266 35.77420 0.10690
1 2789 0.28901 40.80650 0.16650
15 000190 0.10221 38.52980 0.12840
57 2007qe 0.02357 35.14950 0.14100
15 330083 0.22385 40.14150 0.11970
150 Gaia16acv 0.07859 37.95440 0.09680
4 05D2bw 0.92217 43.63230 0.20600
1 14261 0.28446 40.60750 0.14690
150 SN2017ciy 0.03834 36.62580 0.15590
65 2008051 0.03873 36.13330 0.11120
150 2016afk 0.04738 36.67540 0.15510
4 04D1rh 0.43494 41.89600 0.12810
4 04D4ii 0.86399 43.59700 0.16810
51 2016fbk 0.03576 36.06240 0.14860
5 2004gu 0.04664 36.57460 0.13560
1 15383 0.31506 41.07750 0.16710
1 17208 0.13884 39.37880 0.10450
50 1992G 0.00692 32.55450 0.30000
1 6108 0.25813 40.56800 0.18030
10 1329166 0.73161 43.29890 0.14840
4 05D3dh 0.80076 43.03110 0.23210
62 1998eg 0.02403 35.19330 0.13700
10 1295305 0.61177 42.81010 0.11130
15 000420 0.31144 41.13290 0.09890
57 1998ef 0.01728 33.94610 0.16030
10 1336453 0.18506 39.86800 0.10210
51 2009kq 0.01259 33.69440 0.17740
106 carter 1.54290 45.23150 0.29260
10 1336009 0.34169 41.35470 0.19670
4 06D3cc 0.68372 43.26880 0.28860
1 1794 0.14082 39.26380 0.13230
64 2006bt 0.03121 35.89350 0.13990
50 1992bg 0.03515 35.98230 0.14310
5 2006ax 0.01747 34.42110 0.13010
57 2005eq 0.02811 35.59870 0.11240
15 120044 0.48164 42.42690 0.14430
50 1981D 0.00616 31.01870 0.35970
5 2017cbv 0.00331 30.47470 0.55420
1 14456 0.32804 41.03360 0.14330
1 16021 0.12357 38.72510 0.11330
50 1990N 0.00359 31.81150 0.52040
4 04D1kj 0.58382 42.58170 0.14330
65 2009D 0.02453 35.06000 0.11690
1 6699 0.30922 41.10370 0.18000
50 2008fv 0.01091 33.45900 0.22200
4 06D2fb 0.12566 38.83000 0.10690
4 04D4ib 0.69718 43.08200 0.13640
1 3451 0.24846 40.28780 0.12890
1 7876 0.07520 37.58740 0.12140
15 420196 0.29853 41.38930 0.13780
10 1310395 0.28907 40.83700 0.16880
62 1998ab 0.02891 35.05870 0.15070
1 14157 0.21095 39.87880 0.11180
4 04D3ml 0.95082 43.99480 0.17660
150 ASASSN-15uv 0.02153 34.75890 0.24790
1 17340 0.25637 40.44810 0.15070
56 2008hv 0.01375 33.91040 0.18590
10 1336480 0.25616 40.77070 0.12910
1 7147 0.10908 38.50700 0.09380
150 ATLAS16dqf 0.02034 34.69690 0.24340
1 20064 0.10374 38.31610 0.13470
1 15433 0.21950 40.20260 0.11460
10 1338430 0.51726 42.21330 0.13190
150 ASASSN-17eb 0.05044 36.58160 0.13590
15 330089 0.34881 41.49270 0.15370
4 04D1qd 0.76566 43.35300 0.14590
50 1990O 0.03088 35.58790 0.11380
51 2007jg 0.03756 36.42740 0.10930
1 8719 0.11650 38.65040 0.11050
1 19008 0.21768 40.10190 0.16200
100 Ferguson 1.02088 44.08340 0.33100
10 1325358 0.77929 43.14140 0.25380
1 3199 0.24972 40.72560 0.16620
10 1346966 0.33510 41.14990 0.10850
5 2007ai 0.03260 35.88930 0.17810
15 000174 0.24511 40.45850 0.14620
15 110425 0.38092 41.56920 0.14150
15 510550 0.24122 40.45750 0.08970
100 Gabi 1.12092 44.55130 0.14700
4 03D4dy 0.60827 42.70020 0.15040
4 05D3gp 0.58067 42.68130 0.18030
1 13038 0.10287 38.51600 0.12570
150 Gaia16agf 0.02509 35.32640 0.17840
57 2005de 0.01519 34.27150 0.18230
4 03D4di 0.89695 43.66290 0.20330
63 2003kf 0.00809 32.68710 0.25210
50 2001V 0.01549 33.91760 0.14560
101 SCP06K0 1.41633 44.57960 0.50780
15 560027 0.43891 41.78860 0.19720
5 2005na 0.02759 35.21230 0.11350
150 SN2016ayg 0.04349 36.53170 0.11230
4 04D3mk 0.81376 43.56050 0.17020
10 1337838 0.31203 41.07970 0.10440
65 2007ss 0.01652 34.53790 0.20980
1 13610 0.29692 40.72580 0.14640
15 050291 0.32548 41.34780 0.13260
1 2992 0.12623 38.58820 0.21210
57 2000dr 0.01790 34.41350 0.20810
64 2006te 0.03290 35.83650 0.10620
4 03D4at 0.63225 42.95610 0.22680
4 04D4bk 0.87798 43.71890 0.17660
1 5350 0.17438 39.57090 0.12790
15 160197 0.35372 41.48720 0.13030
63 2002bf 0.02525 35.06020 0.16640
15 120585 0.24909 40.43640 0.10990
57 2004bk 0.02352 34.95250 0.13860
64 2008bf 0.02482 35.00340 0.11300
57 2000dm 0.01484 34.10540 0.18170
56 2013E 0.01030 32.88050 0.23100
150 ASASSN-16dn 0.01411 33.94090 0.16370
4 06D4co 0.43546 41.69680 0.09300
150 AT2017lm 0.03031 35.66120 0.14690
1 13934 0.32941 41.45110 0.22730
4 06D3dt 0.28266 40.87010 0.20160
4 03D4gg 0.59029 42.60910 0.17620
15 350316 0.07991 37.72820 0.10640
56 2007cv 0.01457 33.78740 0.20520
50 1993O 0.05194 36.88440 0.13490
1 7243 0.20334 40.00420 0.16240
4 05D3lb 0.64770 42.92460 0.19430
15 110721 0.57831 42.57070 0.17760
1 16281 0.18522 39.64100 0.12000
15 420407 0.24523 40.61250 0.12530
5 2009al 0.02342 35.11390 0.14620
10 1343759 0.50615 42.22870 0.10400
150 SN2016grz 0.08704 37.95460 0.15090
4 04D2ja 0.74196 43.57990 0.21120
15 010026 0.03236 35.81060 0.13440
4 06D2cd 0.93219 43.88320 0.26250
10 1331993 0.71968 43.28320 0.14710
15 190230 0.13880 39.17300 0.08830
4 04D4ju 0.47042 42.31690 0.26420
10 1290779 0.38949 41.67290 0.12500
65 2008bz 0.06099 37.31320 0.12380
4 04D2cf 0.37052 41.49190 0.12740
4 05D3dd 0.48064 42.11810 0.09800
1 21062 0.13745 39.43500 0.16630
10 1303496 0.17975 39.72860 0.13240
1 14481 0.24220 40.65230 0.15510
1 15425 0.15948 39.17550 0.10310
1 5533 0.21898 40.19320 0.16660
56 2011fs 0.01871 34.58930 0.20890
56 2012ht 0.00465 32.04060 0.41230
51 2007bd 0.03120 35.60440 0.12050
56 2013fn 0.02742 35.39880 0.20080
51 2009al 0.02342 35.09340 0.18070
150 ASASSN-15il 0.02295 34.93980 0.13700
1 18835 0.12278 38.77190 0.10280
4 04D1ff 0.85858 43.32550 0.18620
10 1297026 0.25865 40.63380 0.09980
4 05D4cs 0.78807 43.41220 0.14770
15 560054 0.47988 42.02250 0.17010
64 2006S 0.03393 36.02250 0.12010
10 1336008 0.43760 41.75230 0.11270
15 330022 0.26397 40.42750 0.14190
1 14735 0.29947 40.77830 0.13740
1 17884 0.23789 40.32840 0.12170
57 1998dh 0.00817 32.82130 0.25850
4 04D4jw 0.95888 44.03560 0.19740
10 1266657 0.32118 41.32030 0.18210
5 2008gl 0.03266 35.74960 0.10040
4 05D2fq 0.73495 43.36220 0.15520
15 500004 0.25063 40.42510 0.13000
1 14331 0.21990 40.32360 0.16720
10 1339002 0.30304 40.94610 0.18260
4 04D2fp 0.41657 41.84220 0.10300
15 350630 0.30538 41.02940 0.09090
15 440050 0.28557 40.82730 0.12890
4 05D3la 0.93681 43.73300 0.16590
10 1296321 0.18458 40.08760 0.16450
4 05D2ay 0.92218 43.67880 0.23180
15 110484 0.51095 42.15330 0.17490
1 20764 0.16495 39.42150 0.10430
1 17168 0.18389 39.84160 0.14100
62 1999aa 0.01592 34.24290 0.14130
15 120336 0.16122 39.42050 0.16780
1 19953 0.12207 38.69430 0.10260
1 16106 0.24983 40.36840 0.14490
150 PS16axi 0.04089 36.24510 0.11350
1 19913 0.20569 40.09170 0.11450
57 2008bf 0.02482 35.22140 0.11170
5 iPTF13ebh 0.01114 33.73280 0.19630
150 SN2016coj 0.00570 32.02740 0.33590
5 2005hj 0.05708 37.08940 0.11490
15 570025 0.29855 40.77450 0.09210
15 000142 0.43683 42.12800 0.12530
1 17186 0.07875 38.11730 0.15840
1 2308 0.14721 39.20750 0.08410
15 520188 0.28060 40.78980 0.10500
1 2689 0.16053 39.29110 0.15160
57 2004fz 0.01743 33.88430 0.14480
1 1112 0.25620 40.63270 0.19270
15 080646 0.31822 41.13880 0.10420
150 ASASSN-15tg 0.03529 35.98020 0.11370
15 370595 0.18126 39.78650 0.08810
4 06D2ca 0.53271 42.35410 0.20050
4 06D2gb 0.44361 41.90540 0.12690
10 1308582 0.36713 41.33130 0.10250
51 2008gg 0.03114 35.77640 0.14450
150 AT2017cfc 0.02512 35.14730 0.12540
64 2006oa 0.06153 37.18080 0.12330
56 2012cg 0.00256 30.86000 0.74000
15 420159 0.18073 39.62570 0.09110
4 04D1sa 0.58382 42.75590 0.13930
4 04D1jg 0.58301 42.64930 0.11720
57 2008ec 0.01568 34.27460 0.17870
1 18945 0.26869 40.81260 0.16060
15 450082 0.24861 40.55170 0.09520
150 2019np 0.00648 32.55950 0.29400
10 1309749 0.78928 43.31940 0.11730
1 20821 0.19456 40.12850 0.26910
57 2003he 0.02491 35.19420 0.16070
57 2007cq 0.02510 35.10340 0.12000
15 500504 0.19961 39.81040 0.17210
15 560087 0.30652 41.01910 0.12420
15 190209 0.36656 41.35280 0.10660
4 03D4cj 0.26865 40.50520 0.10320
15 380279 0.34939 41.33000 0.11310
57 1999ej 0.01502 34.36420 0.17120
4 05D2dy 0.51169 42.48720 0.13080
150 SN2017cpu 0.05502 36.76130 0.12070
150 PS15mt 0.07193 37.67620 0.12470
15 450339 0.40935 41.82810 0.19220
15 120094 0.45162 42.10620 0.10510
15 040166 0.44013 42.26480 0.31380
4 05D2ob 0.92618 43.94960 0.16960
1 4000 0.27668 40.91290 0.20120
10 1312274 0.42459 41.86410 0.13390
4 05D2ah 0.18615 39.80810 0.12230
65 2007kk 0.04310 36.27940 0.10740
57 1999aa 0.01592 34.27340 0.16570
65 2008050 0.04625 36.38080 0.14800
15 370428 0.17791 39.77530 0.08970
15 350733 0.43160 41.79230 0.12340
4 05D3lr 0.60067 42.70660 0.18960
15 520023 0.26818 40.58910 0.16090
4 05D2dw 0.41857 41.73250 0.13850
15 000236 0.19616 39.85640 0.08600
62 1997bp 0.00864 32.52130 0.29100
150 ASASSN-15fs 0.02917 35.34600 0.12720
15 200132 0.20868 40.21230 0.12570
1 20106 0.33147 41.27280 0.20330
66 2010dt 0.05316 36.95990 0.11880
150 ASASSN-15jt 0.02390 35.04890 0.24920
4 05D1ck 0.61577 42.80370 0.22230
1 20364 0.21742 40.22280 0.19370
57 2004S 0.01042 33.22040 0.21820
1 5588 0.40957 41.78540 0.19810
5 2011iv 0.00668 31.33510 0.28970
50 2000ca 0.02391 35.00460 0.12310
57 2006dm 0.02228 34.91390 0.12180
15 540163 0.32952 41.36090 0.11170
57 2002eb 0.02731 35.36800 0.11410
62 1997dg 0.03405 35.98390 0.12420
4 04D1dc 0.21015 39.98210 0.10010
62 1997do 0.01073 33.21290 0.25030
4 04D3ny 0.81078 43.33800 0.18930
15 310091 0.50725 42.34890 0.12900
4 05D4dw 0.85300 43.52480 0.19230
50 2008fv1 0.01091 33.31080 0.25720
18 2018fop 0.02151 34.69170 0.13470
51 2009an 0.01047 33.45000 0.20870
15 500057 0.38061 41.58720 0.10790
51 2016ffh 0.01865 34.72770 0.17460
150 ASASSN-15kx 0.01720 34.70040 0.14650
1 15583 0.17722 39.66730 0.16610
150 PS16n 0.05309 36.88190 0.11120
64 2006ob 0.05824 37.04300 0.10150
4 05D3lc 0.46164 42.09510 0.09640
50 1999cp 0.00954 33.32760 0.21200
57 2002cu 0.02236 34.88580 0.15070
4 03D4gf 0.57830 42.52330 0.16980
5 2006D 0.00925 33.00420 0.22500
4 04D3cy 0.64371 42.90430 0.21740
1 18965 0.20469 39.97980 0.11320
63 2003W 0.02082 34.73820 0.16860
1 1371 0.11818 38.51770 0.08760
5 2008bq 0.03126 35.81720 0.11890
1 6196 0.27990 40.55190 0.14150
150 AT2016aj 0.06725 37.34690 0.13840
1 13511 0.23664 40.55780 0.13730
15 310090 0.34696 41.53740 0.25440
1 18617 0.32580 41.20170 0.19870
1 12781 0.08309 38.10210 0.13190
1 17875 0.21091 40.33280 0.13720
1 15674 0.19668 40.03980 0.15980
10 1316437 0.47204 42.16070 0.16650
10 1334707 0.64962 42.90230 0.10230
15 310260 0.51885 42.29360 0.14050
1 5183 0.38917 41.58170 0.20610
5 2005kc 0.01442 34.09970 0.20350
150 PS15bsq 0.03371 35.89830 0.10730
15 370333 0.07588 37.75860 0.13370
150 ASASSN-15ti 0.01692 34.57840 0.16410
57 1999dq 0.01276 33.61990 0.18690
150 ATLAS16dpb 0.02215 35.13780 0.19880
64 2004ef 0.03012 35.58830 0.15680
5 2006hx 0.04487 36.56100 0.10800
15 530112 0.31453 41.24630 0.10570
100 Rakke 0.73832 43.23020 0.12480
56 2017cbv 0.00331 30.36640 0.56490
57 2001ah 0.05886 37.25820 0.17660
150 PS16cqa 0.04521 36.80340 0.19650
15 350192 0.30142 40.98160 0.10590
4 05D2bt 0.68190 42.94350 0.14580
15 110536 0.23472 40.32100 0.22400
10 1334470 0.51883 42.32070 0.17070
56 LSQ12gdj 0.02947 35.20340 0.18190
57 2003gt 0.01462 34.01900 0.16470
15 420414 0.29256 40.81010 0.15460
1 6315 0.26583 40.41520 0.12960
1 2635 0.14325 39.13690 0.11570
1 1032 0.12921 38.93650 0.15110
15 520062 0.30818 41.32480 0.09570
1 14437 0.14806 39.12800 0.11000
10 1331123 0.22150 40.32320 0.10690
150 SN2017coa 0.04095 36.51820 0.13590
5 2006kf 0.01947 34.84030 0.13500
4 05D1dx 0.57882 42.53270 0.14750
64 2007ca 0.01442 34.35080 0.25990
150 AT2016gsu 0.07575 37.65770 0.15240
4 05D4ek 0.53435 42.25250 0.15890
1 19282 0.17575 39.60640 0.12140
15 570056 0.29008 40.85010 0.16190
5 2004eo 0.01466 33.97080 0.16460
150 PS15ahs 0.02534 35.31690 0.12560
62 1999gp 0.02691 35.36750 0.12520
4 05D2dt 0.57577 42.69630 0.15100
150 AT2016eoa 0.02106 34.78440 0.15660
4 05D4fg 0.83702 43.58630 0.14760
1 5844 0.30938 41.03100 0.18550
15 100213 0.27509 40.89640 0.16510
10 1283373 0.20751 40.19880 0.10020
150 PSNJ1204051 0.04545 36.57560 0.13280
15 040201 0.27995 40.69220 0.10670
1 21042 0.31072 40.76230 0.18400
150 ASASSN-16ay 0.02938 35.75370 0.19090
10 1291090 0.29193 40.88820 0.11720
15 180166 0.14778 39.28640 0.11680
150 PSNJ0153424 0.02556 35.30670 0.15690
150 ASASSN-15so 0.00857 32.88180 0.23160
5 2009le 0.01784 34.39960 0.16360
4 05D3gv 0.71571 43.10350 0.17040
4 04D4dm 0.80904 43.44550 0.20750
15 100206 0.21650 39.95350 0.09810
150 ASASSN-15nq 0.03023 35.63540 0.10910
1 20142 0.31480 40.67760 0.14150
18 ASASSN-18da 0.02170 34.88870 0.13190
50 1991M 0.00821 33.32590 0.31430
5 2005iq 0.03341 35.96510 0.09590
4 05D4av 0.50739 42.33710 0.19470
64 2005lz 0.04654 36.41690 0.13500
10 1337703 0.53225 42.10210 0.16040
51 2009ig 0.00815 32.85140 0.24280
56 2007cq 0.02510 34.93810 0.19380
1 15365 0.18667 39.85270 0.10180
100 Inanna 1.30611 45.11170 0.28420
62 1998dx 0.05013 36.67800 0.10540
1 15872 0.20562 39.90300 0.12930
1 20430 0.16293 39.56800 0.18310
57 2003hv 0.00557 31.54390 0.33950
1 17811 0.19882 39.95590 0.13360
10 1343208 0.49499 42.20760 0.11160
1 21006 0.29031 40.70310 0.16240
10 1315259 0.22818 40.35120 0.11670
15 440005 0.30548 41.12450 0.15300
50 1992A 0.00502 31.45320 0.37150
150 SN2017hn 0.02557 35.18290 0.12760
150 ASASSN-16db 0.03730 35.99460 0.12620
5 2008cf 0.04682 36.58110 0.09950
150 SN2016glp 0.08410 38.08210 0.14410
1 5635 0.17852 40.05240 0.14940
100 Spock 0.83981 43.32310 0.17220
10 1281668 0.30691 41.08060 0.10170
56 2010ko 0.01133 33.93290 0.23980
1 14298 0.26078 40.66400 0.15720
64 2005am 0.00889 32.44600 0.22820
15 050607 0.43935 41.93570 0.13940
1 10550 0.29933 41.06550 0.27210
10 1292145 0.49244 42.40100 0.22990
10 1338266 0.64852 43.15580 0.19190
15 520041 0.54545 42.69350 0.13860
10 1339149 0.46887 41.89250 0.15380
5 2009ab 0.01130 33.64710 0.19650
1 5736 0.25187 40.52190 0.11540
57 2000dk 0.01730 34.25130 0.16140
1 19051 0.27631 40.75550 0.13150
150 AT2016cor 0.05066 36.97600 0.20390
10 1327978 0.20691 40.05410 0.18750
50 1999dk 0.01364 33.91420 0.19490
1 18927 0.21335 39.99800 0.17630
15 140152 0.20879 40.00340 0.10830
4 05D4bm 0.37053 41.49540 0.10830
10 1306029 0.42903 41.95740 0.16390
66 2009kk 0.01220 33.80300 0.18190
15 520019 0.26323 40.76160 0.11650
15 110430 0.42094 41.83720 0.17320
1 1166 0.38061 41.26710 0.18580
4 04D1pc 0.76865 43.41190 0.15170
1 3377 0.24459 40.19600 0.13790
1 19940 0.14592 39.00500 0.14120
100 Lancaster 1.23597 45.01420 0.18450
15 390449 0.25022 40.50110 0.11610
10 1294014 0.36280 41.36610 0.14170
1 12853 0.16828 39.36000 0.11620
1 15440 0.26141 40.50260 0.15440
150 PS16fbb 0.05106 37.00120 0.11460
1 15868 0.24986 40.48640 0.11440
63 2002hu 0.02981 36.03660 0.10470
1 6100 0.31623 41.22420 0.20750
4 03D4cx 0.94690 43.49610 0.19250
4 04D1hx 0.55882 42.38890 0.23790
15 120143 0.17378 39.47590 0.10510
57 2001ck 0.03616 35.96800 0.15190
150 ASASSN-15mi 0.03585 35.67500 0.13530
57 2005bo 0.01463 33.81940 0.26040
15 000199 0.37153 41.50650 0.08010
50 2001el 0.00343 31.61380 0.54590
150 ASASSN-16fo 0.03036 35.60180 0.11010
57 2001dl 0.02049 35.23520 0.24870
10 1306626 0.42088 41.74270 0.11590
150 SN2017cjv 0.06092 37.15160 0.12010
1 14782 0.17789 39.12850 0.09190
1 20039 0.24572 40.42920 0.16440
15 040150 0.38185 41.68240 0.13820
51 2011dl 0.03403 35.85610 0.20640
150 ASASSN-15pn 0.03909 36.29400 0.14880
150 PSNJ0859349 0.02938 35.60230 0.14830
10 1258940 0.42602 41.86880 0.12090
50 1993H 0.02445 35.28370 0.15200
1 6936 0.17901 39.73660 0.11050
10 1308314 0.40646 41.81910 0.10880
1 12898 0.08282 37.79680 0.18090
10 1302058 0.19782 39.62880 0.11660
57 2002el 0.02849 35.20740 0.11590
64 2007af 0.00625 32.13290 0.31110
1 2943 0.26419 40.58270 0.17740
5 2004ef 0.03012 35.58300 0.13330
4 03D4fd 0.78907 43.49640 0.18490
57 2000dg 0.03697 36.17730 0.19780
64 2006bw 0.03132 35.73730 0.18850
4 05D3jb 0.74573 43.27120 0.13420
56 2013gy 0.01291 33.86950 0.19400
10 1293758 0.14803 39.35440 0.12660
15 580270 0.29587 41.12480 0.11590
4 05D4bf 0.58730 42.72770 0.14450
1 19025 0.40456 41.67520 0.19600
15 570022 0.30152 41.22360 0.14020
1 5751 0.12950 38.92750 0.16840
150 PS16aer 0.05693 37.16140 0.11880
150 ASASSN-16em 0.02390 35.08300 0.18890
64 2005eq 0.02811 35.66620 0.11250
63 2003fa 0.04056 36.18600 0.09590
51 2017erp 0.00676 32.28380 0.29120
10 1335718 0.69932 43.22870 0.09870
50 1997bq_B 0.01091 32.94480 0.27650
10 1289288 0.28995 40.87350 0.17980
1 18809 0.12853 38.88490 0.09410
57 2001ep 0.01272 33.74380 0.19340
63 2001en 0.01502 33.99170 0.18090
10 1275946 0.23205 40.33600 0.10200
57 SNF20071021-000 0.02714 35.42280 0.14740
15 050003 0.42700 41.93640 0.15930
1 21034 0.10774 38.60680 0.12370
51 2018aoz 0.00508 31.83100 0.37070
1 14284 0.18050 39.46540 0.09660
15 510266 0.44067 41.75820 0.10920
15 150509 0.29293 40.87550 0.11980
15 110734 0.40221 41.60260 0.13710
4 04D3nr 0.96081 43.73020 0.19420
150 PS15brr 0.05049 36.66300 0.13210
4 04D4jy 0.92792 44.02750 0.22520
5 2008gg 0.03114 35.64560 0.12430
10 1258906 0.34912 41.41580 0.13170
10 1298893 0.19627 39.96560 0.17700
10 1345553 0.31804 41.19870 0.11280
10 1308568 0.64311 42.45890 0.31210
10 1280217 0.35909 41.30530 0.19290
57 2006D 0.00925 33.00170 0.22780
1 16206 0.15856 39.17280 0.11420
150 AT2016htm 0.04289 36.32460 0.11150
4 05D3ax 0.64371 42.91210 0.22160
10 1330642 0.63399 42.71990 0.10160
10 1339392 0.18145 39.52060 0.16130
