IDSURVEY CID z MU MUERR
50 2007gi 0.00463 31.82320 0.12710
5 2005W 0.00838 32.87400 0.12614
64 2005eq 0.02810 35.63370 0.14230
50 1991U 0.03188 35.51440 0.14280
62 1999ac 0.01032 33.07530 0.21590
1 14871 0.11861 38.80260 0.12760
1 15222 0.19817 39.82850 0.14300
10 1289288 0.28970 40.81200 0.17160
15 100358 0.36623 41.24260 0.17330
1 15161 0.24865 40.44050 0.14480
10 1297026 0.25850 40.60140 0.13310
150 ASASSN-17at 0.02736 35.35160 0.14280
51 2010ao 0.02384 35.02390 0.15260
4 05D3jb 0.74573 43.34910 0.14430
59 2012fr 0.00567 31.28440 0.15308
1 13038 0.10287 38.51160 0.12880
150 AT2017oz 0.05601 36.91310 0.13650
10 1337838 0.31190 41.05220 0.12540
15 020090 0.41004 41.83560 0.21790
1 19023 0.24191 40.35000 0.16250
65 2008C 0.01740 34.28450 0.16470
50 1992ag 0.02605 34.75580 0.16690
106 Primo 1.54901 45.43210 0.19400
4 03D4gf 0.57830 42.57980 0.14680
59 2013fn 0.02645 35.43970 0.20890
65 2008at 0.03504 35.79570 0.15550
63 2001eh 0.03735 36.05160 0.13540
150 PS16n 0.05317 36.89610 0.13600
59 2013hn 0.01592 34.22060 0.20540
1 13641 0.20865 40.04740 0.13820
150 ASASSN-15kx 0.01703 34.70100 0.16600
15 490037 0.42348 41.77390 0.15390
15 040201 0.27995 40.66090 0.12800
1 20625 0.10707 38.56460 0.12840
10 1301933 0.32990 41.25050 0.12110
65 2007le 0.00650 32.21870 0.30960
150 SN2016esh 0.04631 36.25690 0.14230
1 15583 0.17722 39.69070 0.13300
15 520071 0.41161 41.96900 0.13740
1 19992 0.22466 40.51080 0.16260
15 330083 0.22386 40.10870 0.13640
61 1996X 0.00625 32.03790 0.31610
1 12898 0.08282 37.87180 0.12590
4 04D4im 0.74911 43.16490 0.16540
65 2008hv 0.01387 33.85880 0.18140
15 420414 0.29256 40.80550 0.16840
5 2005el 0.01496 34.02680 0.17500
50 2008fv2_rev 0.01090 33.22240 0.21570
5 2005al 0.01461 34.06830 0.17070
10 1306991 0.42170 41.65900 0.20030
150 SN2016grz 0.08704 37.96830 0.12960
15 000011 0.38153 41.84390 0.13980
5 2008ar 0.02913 35.33450 0.13650
4 05D4fo 0.37153 41.53830 0.12590
64 2006D 0.00926 32.98530 0.12779
15 510251 0.24020 40.47980 0.13540
150 Gaia16aki 0.07393 37.66360 0.13930
1 8719 0.11650 38.64560 0.12820
4 04D3lu 0.82276 43.67150 0.16150
4 04D4id 0.76709 43.73540 0.18170
1 12843 0.16606 39.26910 0.13910
4 05D1kl 0.55882 42.99690 0.15070
1 12972 0.25669 40.61670 0.17160
15 050005 0.52858 42.22030 0.15090
4 05D2dw 0.41857 41.73820 0.12870
65 2009Y 0.00994 32.93170 0.12904
15 320258 0.34098 41.21010 0.15510
64 2007af 0.00633 32.04640 0.12861
150 ASASSN-15lg 0.02026 34.74250 0.15640
1 5533 0.21898 40.20010 0.14730
100 Aphrodite 1.29911 44.87390 0.21020
10 1337228 0.57880 42.81630 0.15390
1 21042 0.31072 40.82640 0.17500
59 2006dm 0.02247 34.96360 0.18540
50 1990Y 0.03860 35.89640 0.14930
1 20051 0.23382 40.37530 0.18240
15 320099 0.37997 41.55280 0.13770
4 04D4ic 0.68519 43.19730 0.20180
15 120585 0.24909 40.42560 0.13360
5 2012fr 0.00567 31.22150 0.12684
1 12780 0.04797 36.74110 0.15310
1 19940 0.14592 39.02100 0.12830
5 2006hx 0.04496 36.51050 0.13050
15 110426 0.54097 42.42810 0.16620
1 16211 0.30949 41.12600 0.20920
1 15776 0.31593 41.05180 0.17380
15 130862 0.33298 41.43270 0.15580
5 2009ds 0.02037 34.52950 0.15240
15 000420 0.31144 41.08930 0.12190
1 11067 0.11701 38.59130 0.14050
4 05D2ck 0.69992 43.33800 0.18610
1 19174 0.16375 39.36370 0.13530
10 1248677 0.35020 41.29950 0.12100
10 1345553 0.31890 41.22400 0.14800
1 15171 0.13826 39.04160 0.12880
10 1334423 0.35770 41.46300 0.14120
5 2008bz 0.06095 37.24980 0.12250
51 2011by 0.00428 31.90190 0.12696
1 15674 0.19668 40.04370 0.14200
4 04D2mh 0.59179 42.58360 0.13260
5 2005kc 0.01451 34.00780 0.17690
1 19658 0.19878 39.98830 0.14000
5 2012ht 0.00463 32.07950 0.11981
63 2002bf 0.02519 35.04860 0.17790
50 1998aq 0.00458 31.55890 0.11941
1 17253 0.15708 39.37600 0.17800
15 190260 0.14359 39.21310 0.12630
15 510578 0.37023 41.49760 0.13420
4 05D1iz 0.85858 43.90530 0.19800
10 1341894 0.31210 41.10630 0.14650
150 AT2016htm 0.04297 36.30770 0.13040
64 2006N 0.01475 33.96660 0.17650
15 000137 0.11901 38.64210 0.13050
4 05D3kp 0.85079 43.67600 0.14990
10 1334084 0.13350 38.93230 0.14080
56 2005cf 0.00727 32.47770 0.15165
10 1310395 0.28900 40.80930 0.13670
50 2002bf 0.02519 34.93840 0.14860
10 1331993 0.71960 43.31470 0.16100
5 2008go 0.06147 37.03250 0.12890
150 PS17yt 0.07073 37.59730 0.13880
63 2003D 0.02403 34.83780 0.19010
50 2002er 0.00923 32.85600 0.23570
150 ASASSN-16jf 0.01117 33.70120 0.20840
10 1291957 0.36000 41.38450 0.13320
4 04D4jy 0.92792 44.12950 0.19760
15 000142 0.43683 42.19350 0.14610
51 2010ii 0.02818 35.19250 0.14520
10 1334087 0.26630 40.36600 0.19240
51 2008dh 0.03638 36.23220 0.13110
15 110536 0.23472 40.28090 0.18490
1 19282 0.17575 39.61290 0.13160
4 04D1hd 0.36799 41.59000 0.12340
15 520062 0.30818 41.31110 0.12850
15 370394 0.33090 41.12960 0.15260
15 160197 0.35372 41.50190 0.14950
150 ASASSN-15la 0.02925 35.15070 0.13950
1 5966 0.30834 41.07760 0.19460
5 2006eq 0.04797 36.71230 0.13370
15 180313 0.51016 42.23530 0.12830
10 1285160 0.74930 43.33070 0.13410
1 17825 0.16016 39.42230 0.12210
1 20364 0.21742 40.23320 0.17410
150 ASASSN-15sf 0.02449 35.34550 0.14490
15 560121 0.36499 41.57810 0.13670
63 2003W 0.02082 34.68630 0.15200
150 PS16ccn 0.02470 35.29500 0.14360
4 04D3gt 0.45163 41.83140 0.12980
4 04D4bq 0.54834 42.27210 0.14330
1 744 0.12710 38.84330 0.13520
1 15203 0.20329 39.98270 0.13650
10 1319366 0.23610 40.23620 0.13210
66 2009ig 0.00810 32.79720 0.13371
4 04D3gx 0.91081 43.96830 0.18210
59 ASASSN-14fa 0.02333 35.01350 0.19650
150 PS17akj 0.04791 36.63420 0.14070
15 590002 0.20128 39.97560 0.13180
4 04D3fk 0.35842 41.34150 0.12350
64 2006bw 0.03171 35.59870 0.14140
1 13005 0.12642 38.91740 0.15900
4 05D3la 0.93681 43.82210 0.15360
65 2008gl 0.03271 35.73130 0.13820
1 10805 0.04442 36.26790 0.14180
1 15383 0.31506 41.15170 0.17850
1 10434 0.10305 38.50340 0.13310
1 15648 0.17392 39.65950 0.14790
1 19543 0.12186 38.92710 0.12790
150 PS16axi 0.04133 36.23150 0.12940
4 05D1hk 0.26209 40.48780 0.12730
4 04D2iu 0.70192 43.08200 0.22070
4 05D4bj 0.69918 43.17980 0.15490
150 AT2016hns 0.03735 36.09890 0.13690
1 16073 0.15357 39.47630 0.12650
1 15354 0.22083 40.16910 0.16050
5 2008hv 0.01387 33.83470 0.17980
150 PS16fa 0.04787 36.70700 0.12790
10 1253101 0.45960 41.92150 0.13940
51 2012cg 0.00278 30.91800 0.15167
150 ASASSN-15uv 0.02163 34.90630 0.14750
4 05D4cs 0.78807 43.44080 0.14640
1 15234 0.13535 39.28090 0.13060
10 1293319 0.29690 40.80030 0.13570
1 15259 0.21066 39.97250 0.13910
1 6936 0.17901 39.74370 0.13530
5 2006ej 0.02059 34.63640 0.15490
1 774 0.09252 38.20090 0.13270
15 350235 0.26393 40.64330 0.12860
10 1339002 0.30250 40.89050 0.16670
15 180166 0.14778 39.25740 0.12360
4 04D3ny 0.81078 43.47090 0.17720
150 AT2017zd 0.02964 35.36250 0.14020
51 2009D 0.02446 35.20500 0.16580
10 1293758 0.14720 39.27280 0.15860
150 CSS160129 0.06844 37.35620 0.13460
15 330022 0.26397 40.40420 0.14830
10 1307277 0.41070 41.77150 0.20030
5 2004gu 0.04669 36.48330 0.12930
65 2009ds 0.02037 34.77580 0.15760
4 03D1co 0.67773 43.39220 0.18240
4 04D2mc 0.34949 41.10330 0.12780
1 15129 0.19621 39.88490 0.13930
15 390471 0.37062 41.22020 0.12760
59 2013fw 0.01677 34.32990 0.22460
15 550218 0.38744 41.63330 0.18940
10 1343759 0.50800 42.23990 0.12930
15 000199 0.37153 41.51440 0.11910
10 1337649 0.24910 40.45860 0.12470
1 17464 0.24569 40.06790 0.16700
15 000190 0.10221 38.51600 0.12200
59 2013gy 0.01309 33.91630 0.21040
10 1262715 0.68940 43.03660 0.13350
50 1999dk 0.01364 33.89690 0.18320
15 2018gv 0.00641 32.05030 0.06738
150 2019np 0.00648 32.54190 0.08464
15 120086 0.39255 41.56890 0.15360
1 19953 0.12207 38.71540 0.12710
150 AT2016cyt 0.03084 35.47600 0.13670
15 310042 0.23861 40.54720 0.22750
4 06D3gx 0.76075 43.37600 0.18990
10 1295027 0.42540 41.82930 0.15860
5 2006gt 0.04488 36.62240 0.13120
4 03D1bp 0.34602 41.45030 0.12840
15 530251 0.41140 41.94120 0.15000
10 1294014 0.36270 41.33550 0.15720
15 370498 0.26095 40.72290 0.12750
150 PS15brr 0.05037 36.67320 0.14200
62 1997do 0.01067 33.23470 0.12753
50 1993O 0.05313 36.86280 0.15400
10 1337325 0.63870 42.91880 0.18340
10 1333438 0.39950 41.80360 0.17560
1 13044 0.12472 38.87830 0.12700
10 1308326 0.32620 41.15550 0.12910
63 2002bz 0.03859 36.16400 0.14910
15 350374 0.50098 42.32340 0.20390
50 1992bc 0.02027 34.59370 0.15440
1 15213 0.30642 41.11280 0.17650
1 17809 0.28758 40.61730 0.16220
15 330146 0.13526 39.10340 0.13490
150 ASASSN-15lu 0.03652 36.09940 0.13780
1 6108 0.25813 40.60690 0.15530
4 05D1er 0.85857 43.79450 0.16340
15 580270 0.29587 41.08820 0.13460
64 2006td 0.01364 34.28530 0.18430
1 15756 0.38515 41.95070 0.20570
1 14261 0.28445 40.63680 0.15040
5 2009aa 0.02838 35.36260 0.13690
10 1295921 0.52390 42.32010 0.21430
15 310161 0.25260 40.56100 0.12500
5 2005mc 0.02633 35.26290 0.14270
4 03D1ax 0.49579 42.22670 0.13370
1 15508 0.13372 38.95030 0.12630
4 04D4dw 1.02881 44.07850 0.17870
59 2010gp 0.02406 34.70320 0.18730
4 04D1sa 0.58382 42.79630 0.15110
1 13135 0.10361 38.45000 0.12730
62 2000B 0.01937 34.36620 0.16390
4 05D4be 0.53534 42.43810 0.13110
1 15456 0.38055 41.31850 0.17540
64 2007qe 0.02363 35.06500 0.14570
63 2003fa 0.04059 36.16560 0.13160
10 1290779 0.38950 41.63800 0.14280
64 2006an 0.06481 37.34350 0.12940
15 350027 0.30581 41.04660 0.12540
51 2012E 0.01938 34.56920 0.18010
50 1993ag 0.04995 36.67070 0.16660
51 2007bd 0.03117 35.63280 0.14900
65 2007aj 0.03117 35.69740 0.14070
50 1997bq_JB 0.01090 33.12060 0.20930
4 05D1ke 0.68872 42.95550 0.14140
4 05D2cb 0.42859 42.14920 0.13380
1 19775 0.13700 39.08280 0.13150
15 350180 0.28949 41.08040 0.15680
150 ASASSN-16hc 0.05142 36.70080 0.13810
1 15704 0.36962 41.61080 0.16790
4 06D3el 0.51968 42.40690 0.12900
5 2006bh 0.01047 33.35230 0.12265
10 1336453 0.18480 39.82290 0.13030
65 2007sw 0.02554 35.03520 0.14650
15 370098 0.22132 40.14100 0.12920
150 ASASSN-15fa 0.02720 35.63040 0.14400
150 AT2017wb 0.03106 35.67990 0.13890
15 360112 0.18086 39.70440 0.12900
10 1281668 0.30710 41.08900 0.13550
150 Gaia16bba 0.02990 35.54590 0.14030
15 190230 0.13880 39.15620 0.12680
150 ATLAS17bas 0.02371 34.71590 0.14600
65 2008bw 0.03301 35.86080 0.17250
1 20430 0.16293 39.57750 0.14330
1 18602 0.13713 39.11060 0.12980
1 15421 0.18459 39.90180 0.13290
15 050580 0.45068 41.80540 0.13150
5 2009le 0.01802 34.32490 0.15920
4 06D3cc 0.68372 43.36400 0.25330
1 18807 0.17639 39.81020 0.13270
4 06D3en 1.06085 44.09960 0.17740
4 05D2le 0.70192 43.20450 0.14670
65 2008cf 0.04705 36.53090 0.14740
61 1996C 0.02918 35.61190 0.14360
5 2006ob 0.05834 37.05760 0.12970
1 18486 0.24551 40.24300 0.13870
150 ASASSN-15jl 0.03506 35.99500 0.13370
1 5717 0.25051 40.66390 0.14580
1 21510 0.14843 39.07130 0.14050
1 15201 0.20748 40.37980 0.19230
150 SN2016coj 0.00584 31.99980 0.32190
4 05D4cw 0.37353 41.47010 0.12730
4 06D3em 0.69072 43.20690 0.15790
15 360145 0.19877 40.01050 0.13000
63 2002jy 0.02054 35.09090 0.15430
10 1324542 0.54150 42.66140 0.17380
15 160099 0.10165 38.39880 0.12490
1 16232 0.37436 41.62600 0.18620
150 PS15bzz 0.07931 37.66250 0.12510
15 350630 0.30538 41.00920 0.12350
15 470015 0.33749 41.26150 0.15500
59 iPTF13ebh 0.01057 33.85790 0.24080
4 04D2mj 0.51469 42.59570 0.13690
10 1305504 0.49560 42.30050 0.12290
56 2017cbv 0.00304 30.41690 0.16084
150 ASASSN-15tz 0.02389 35.01930 0.15300
150 AT2017yk 0.04679 36.82350 0.15190
10 1292560 0.22480 40.21040 0.12970
4 03D3bl 0.35591 41.47960 0.13160
59 2010gn 0.03142 36.03780 0.19570
4 05D1hm 0.58582 42.95630 0.14240
4 06D4bw 0.73014 43.13840 0.16740
59 2013Q 0.01646 34.19060 0.22530
5 2008fu 0.05140 36.78900 0.12810
63 2002ha 0.01266 33.81240 0.19260
10 1338233 0.59800 42.93390 0.27840
1 15443 0.18136 39.58290 0.12670
15 540163 0.32952 41.34970 0.12030
62 1999ej 0.01394 34.27540 0.18810
5 2008bf 0.02482 35.13970 0.14260
15 380318 0.33818 41.26820 0.15780
64 2006ot 0.05186 36.58380 0.18440
62 1999aa 0.01591 34.22830 0.16830
5 2009ad 0.02838 35.39530 0.13840
10 1253920 0.19560 39.77880 0.12870
4 03D1ew 0.86656 43.68920 0.18700
1 2789 0.28901 40.87980 0.17880
1 17168 0.18389 39.85250 0.14490
65 2008bz 0.06095 37.29790 0.14140
61 1995ak 0.02188 34.71960 0.15320
10 1302648 0.23190 40.15940 0.13920
1 5844 0.30938 41.07720 0.19330
4 05D4dy 0.80806 43.90090 0.17750
1 5957 0.27935 40.86080 0.14800
1 13506 0.24354 40.59530 0.16610
4 05D1cb 0.63077 42.82110 0.13730
62 1997bq 0.01090 33.12150 0.12650
59 2007cq 0.02508 34.99120 0.19020
59 2011by 0.00428 32.08350 0.14528
4 04D1ks 0.79662 43.21800 0.15330
15 500511 0.33498 41.12300 0.12090
5 2015F 0.00506 31.55940 0.12726
15 110430 0.42094 41.80680 0.16480
15 490521 0.34147 41.30290 0.15900
5 2007ol 0.05578 37.02320 0.13680
15 580300 0.24085 40.47850 0.12960
10 1292336 0.23360 40.19270 0.15940
150 PSNJ1602512 0.02041 34.76720 0.15030
15 310025 0.15680 39.52870 0.15360
15 050203 0.57619 42.66390 0.15740
150 ASASSN-15od 0.01694 34.44900 0.16490
59 2011B 0.00542 31.80610 0.36650
1 12856 0.17042 39.60720 0.13150
4 04D3kr 0.33762 41.26010 0.12370
50 1992au 0.06016 37.19840 0.23870
15 560054 0.47988 42.05550 0.17640
64 2005hj 0.05723 37.10760 0.13330
1 13655 0.25116 40.74200 0.17150
51 2017erp 0.00698 32.22560 0.12371
10 1299643 0.38000 41.54060 0.12960
4 05D2dt 0.57577 42.73640 0.14240
59 2011fs 0.01986 34.64090 0.22380
150 AT2017cfc 0.02546 35.12180 0.14090
1 7147 0.10908 38.52590 0.13010
5 2006hb 0.01530 34.07370 0.17420
51 2007fs 0.01680 34.44620 0.16130
4 05D1dn 0.56481 42.62460 0.14340
1 17208 0.13884 39.39850 0.13590
15 120586 0.22948 40.30990 0.15800
4 05D2ay 0.92218 43.91230 0.18340
150 SN2016ayg 0.04348 36.52050 0.13350
150 PS16cqa 0.04576 36.76230 0.15910
10 1334620 0.19610 39.93830 0.14730
1 18809 0.12854 38.89010 0.13180
1 2031 0.15195 39.16130 0.13150
15 000196 0.35059 41.33270 0.11850
64 2007R 0.03176 35.87370 0.13810
59 2007af 0.00633 32.10420 0.14666
15 110478 0.26460 40.61450 0.14850
4 04D2gc 0.52271 42.51170 0.14640
51 2016ffh 0.01858 34.72430 0.16260
4 05D3hs 0.66470 42.97720 0.14200
1 18030 0.15536 39.48360 0.14090
150 ASASSN-16ip 0.01696 34.27440 0.16260
1 18697 0.10661 38.39260 0.12630
1 14451 0.17797 39.59860 0.13180
1 18485 0.27832 40.75320 0.14940
15 490008 0.12086 38.73700 0.12360
1 14318 0.05640 36.86850 0.14400
150 SN2016hhv 0.06120 37.30530 0.14330
150 ATLAS16cxr 0.01542 34.48300 0.16920
1 17811 0.19882 39.96530 0.14960
150 ASASSN-16dn 0.01463 33.91470 0.17020
150 2016W 0.02029 34.49930 0.15420
62 1998bp 0.01050 33.40860 0.21780
65 2007kh 0.05038 36.61580 0.16520
1 1032 0.12921 38.91230 0.14570
1 18945 0.26869 40.84030 0.16200
15 150254 0.27516 40.66060 0.12200
4 05D2ct 0.73596 43.43720 0.18410
10 1289600 0.41960 41.99400 0.12940
64 2006al 0.06886 37.54570 0.13580
15 530112 0.31453 41.24710 0.13470
10 1346137 0.36350 41.46280 0.15490
15 450175 0.51941 42.36850 0.20610
15 050291 0.32548 41.33270 0.14510
15 310574 0.23662 40.36410 0.13240
150 PS15bif 0.07845 37.67470 0.12050
4 06D4bo 0.55033 42.51460 0.13590
1 15872 0.20562 39.91340 0.13900
1 18415 0.12958 38.94930 0.13480
15 350192 0.30142 40.94560 0.12450
4 06D4cq 0.40949 41.79750 0.12530
56 2011by 0.00428 32.07640 0.15517
15 510113 0.29097 40.65880 0.14940
4 05D3jk 0.73675 43.12150 0.13510
4 05D1ix 0.48888 42.20600 0.12880
59 2010ko 0.01133 33.98510 0.23040
65 2009do 0.04115 36.11990 0.13310
15 390627 0.16061 39.57250 0.13500
59 2012cg 0.00278 30.98270 0.17358
1 20581 0.20348 39.92070 0.14670
5 2008C 0.01740 34.31070 0.16210
62 1999dq 0.01276 33.52240 0.18920
10 1317164 0.15470 39.31800 0.17450
10 1330642 0.63390 42.73210 0.12820
5 2007on 0.00579 31.69500 0.33960
15 000006 0.23041 40.40220 0.14540
10 1299785 0.38130 41.55670 0.14490
62 1998V 0.01761 34.17750 0.16410
5 2004ey 0.01540 34.04430 0.17100
1 9457 0.25683 40.60530 0.18460
10 1297465 0.27780 41.00460 0.12730
150 PS15bsq 0.03386 35.91180 0.13580
59 2014bv 0.00645 32.53140 0.32670
5 2009Y 0.00994 32.75890 0.12518
15 330128 0.32104 41.08100 0.13790
15 020096 0.22578 40.06950 0.13610
1 15287 0.23639 40.50540 0.13750
1 16637 0.24150 40.36400 0.18800
1 3451 0.24846 40.32580 0.14720
10 1336008 0.43800 41.74560 0.13470
10 1302141 0.60880 42.51070 0.24870
4 05D2hc 0.35149 41.58660 0.12600
50 1991S 0.05617 37.02180 0.13050
62 1998dh 0.00816 32.66490 0.13088
15 370344 0.33147 41.19580 0.12580
150 PS16el 0.04962 36.55550 0.13430
4 05D3lr 0.60067 42.78330 0.15380
150 ASASSN-16hz 0.02476 35.00560 0.14370
1 18804 0.19741 39.78020 0.13070
15 520019 0.26323 40.73650 0.13920
10 1306073 0.32860 41.20970 0.13090
4 03D4cx 0.94690 43.76280 0.16230
1 19230 0.21967 40.00820 0.15600
10 1283373 0.20750 40.15240 0.13770
4 04D1sk 0.66213 43.15850 0.15840
50 1993H 0.02446 35.21580 0.14750
59 iPTF14bdn 0.01588 34.24420 0.19830
4 03D3cd 0.46135 41.91620 0.15370
4 04D3nc 0.81779 43.69000 0.16690
4 05D3gp 0.58067 42.70620 0.17130
64 2005lu 0.03176 36.02840 0.17010
1 19128 0.28555 40.96990 0.16710
1 21810 0.17374 39.60370 0.14790
150 PS16bby 0.05501 36.91690 0.13560
10 1258940 0.42590 41.89220 0.14820
15 110719 0.42793 42.43590 0.17950
10 1334470 0.51880 42.31570 0.17280
50 1992bl 0.04214 36.29790 0.16040
4 05D4ff 0.40050 41.60160 0.12810
4 03D4fd 0.78907 43.60690 0.18210
4 05D4bm 0.37053 41.49550 0.12370
4 06D4cl 0.99784 43.95740 0.11670
150 AT2016aj 0.06725 37.33820 0.14550
4 04D1de 0.76666 43.58880 0.15450
4 04D1hy 0.84858 43.67390 0.16240
5 2007st 0.02070 34.44870 0.15210
1 7473 0.21472 40.17650 0.13940
1 15132 0.15318 39.37530 0.13030
4 04D3ml 0.95082 44.05320 0.16180
150 PS15cms 0.06648 37.43230 0.15290
15 560033 0.07896 37.78670 0.12350
15 000038 0.15050 39.21380 0.13030
1 21034 0.10774 38.59450 0.13100
150 ASASSN-15nq 0.03011 35.64610 0.13760
150 SN2016aqb 0.06389 37.12290 0.12900
64 2005na 0.02723 35.22780 0.14250
62 1998ef 0.01698 33.98120 0.16710
1 2440 0.19044 40.04010 0.14130
4 04D1pp 0.73368 43.16760 0.14630
51 2008eo 0.01537 34.41750 0.16890
150 PS17tn 0.04594 36.48170 0.13280
10 1328105 0.44020 41.81190 0.15150
4 03D1fc 0.33103 41.12530 0.12420
1 2246 0.19434 39.95050 0.14280
15 100405 0.10294 38.26700 0.12960
50 2008fv_comb 0.01090 33.33320 0.20960
15 360140 0.23092 40.38590 0.13100
10 1306360 0.44940 41.99290 0.19860
10 1302523 0.42390 41.84780 0.12630
50 1993B 0.06963 37.35160 0.16610
10 1305626 0.32570 41.14930 0.12140
4 03D4cy 0.92493 44.08620 0.20420
5 2007af 0.00633 32.12280 0.12314
15 420258 0.27456 40.80190 0.14960
1 18787 0.18929 40.22910 0.14520
63 2003it 0.02520 35.14040 0.15190
50 1992bs 0.06383 37.44990 0.15840
4 05D2ah 0.18616 39.80700 0.12450
15 530037 0.26859 40.70360 0.13190
5 2005am 0.00862 32.43340 0.24560
51 2011fs 0.01986 34.60870 0.15610
4 03D4cz 0.69318 43.11450 0.21350
64 2006cp 0.02179 34.88510 0.15130
1 20048 0.18402 39.88220 0.15890
1 3592 0.08571 37.95320 0.12560
15 500504 0.19961 39.77770 0.13960
15 040150 0.38185 41.67600 0.14960
4 03D3ay 0.37192 41.62960 0.14140
15 110542 0.42703 41.99420 0.15890
150 ASASSN-15fs 0.02924 35.32860 0.13790
150 ASASSN-15uu 0.02631 35.27910 0.14760
101 SCP06G4 1.35136 44.66400 0.21600
10 1333246 0.43790 41.96630 0.21890
10 1308314 0.40650 41.79910 0.13010
1 18463 0.26700 40.68150 0.15980
1 17391 0.18869 39.77550 0.18330
1 16392 0.05834 37.07480 0.14280
1 8495 0.21365 40.11000 0.15170
5 2005iq 0.03357 35.93960 0.13250
10 1335717 0.30480 41.15730 0.12610
150 ASASSN-16hr 0.03097 35.60620 0.14140
62 1997Y 0.01707 34.26340 0.16670
150 Gaia16acv 0.07859 38.00060 0.15070
15 550202 0.42036 41.96240 0.22990
1 12853 0.16828 39.37690 0.14540
1 15170 0.39449 41.56080 0.17310
4 04D1pd 0.94852 44.02130 0.15090
51 2005ki 0.02031 34.62120 0.15810
15 440285 0.17919 39.84340 0.14080
1 14212 0.20320 40.06590 0.13260
15 000034 0.25330 40.47690 0.13000
15 000215 0.46654 42.18370 0.12930
5 2008fw 0.00854 33.17010 0.24810
150 PS16cvc 0.02934 35.80190 0.14070
1 16473 0.21625 40.10120 0.14700
15 160126 0.36034 41.22060 0.16460
150 ATLAS17axb 0.03120 35.64030 0.14160
1 17280 0.13060 39.15490 0.15090
10 1338675 0.33060 41.28550 0.12360
10 1341370 0.40900 41.82020 0.15230
150 MASTERJ0134 0.04359 36.37960 0.13630
1 12855 0.17076 39.45590 0.14410
15 380046 0.09961 38.40780 0.12270
1 2422 0.26363 40.73850 0.15180
5 2005lu 0.03176 35.95140 0.13870
1 6924 0.32652 41.02910 0.16440
150 ASASSN-16em 0.02400 35.12110 0.14770
10 1335564 0.60770 42.75870 0.18650
1 7475 0.32057 41.08820 0.15540
5 2007as 0.01840 34.26800 0.15910
10 1338128 0.31170 41.13120 0.13590
1 20764 0.16495 39.44340 0.14150
1 17884 0.23789 40.38050 0.14670
1 17258 0.08831 37.82020 0.13700
1 17171 0.15911 39.35520 0.15170
4 05D2nt 0.75899 43.39540 0.14310
150 MASTEROTJ15 0.05673 37.12040 0.14300
65 2008hj 0.03689 35.96600 0.14670
1 4241 0.33063 41.27200 0.17850
63 2001ie 0.03188 35.76550 0.14620
1 14331 0.21990 40.34200 0.14720
1 15901 0.20382 39.99240 0.13720
59 2011dn 0.02539 34.63050 0.18930
1 17435 0.21689 40.17220 0.14510
59 2013fy 0.03040 35.49950 0.23240
1 2330 0.21195 40.48920 0.19030
1 13736 0.14898 39.26310 0.12930
150 SN2017ms 0.02606 35.23370 0.14840
10 1330426 0.25950 40.52620 0.12560
4 04D4jw 0.95888 44.13870 0.19200
1 16333 0.07089 37.32160 0.13470
4 04D3dd 1.00285 44.43250 0.19790
15 110033 0.20483 39.95980 0.16410
150 PSNJ0153424 0.02562 35.28220 0.14220
150 SN2017mf 0.02582 35.42770 0.14270
65 2008ac 0.05354 36.98570 0.15530
50 1991ag 0.01289 33.73460 0.19200
10 1334879 0.63930 42.90210 0.13320
65 2009al 0.02359 35.00750 0.15000
150 PSNJ2352371 0.02603 35.50450 0.14890
51 2008Y 0.07056 37.35220 0.15560
15 050201 0.55021 42.53170 0.15570
10 1257366 0.21140 40.21350 0.16310
10 1253039 0.45350 42.03520 0.13220
64 2005kc 0.01451 34.02870 0.17900
5 2006et 0.02199 34.79720 0.14700
4 05D4dt 0.40549 41.89730 0.12730
56 2015F 0.00506 31.48540 0.25104
5 2007ux 0.03301 35.90310 0.13500
1 5550 0.15511 39.21640 0.12880
10 1336480 0.25600 40.72180 0.15100
1 18740 0.15336 39.19050 0.12500
1 14984 0.18289 39.91960 0.13960
5 2008O 0.03824 36.13940 0.13410
4 05D3jr 0.37062 41.41560 0.12410
59 2011im 0.01561 34.38510 0.21310
1 20040 0.28665 40.78840 0.17440
15 370329 0.47786 42.39820 0.18180
10 1300516 0.31040 40.79150 0.14050
10 1303279 0.17240 39.36920 0.14210
64 2006ef 0.01745 34.51750 0.17200
65 2009gf 0.01834 34.51890 0.16470
1 16021 0.12357 38.71480 0.12710
15 390449 0.25022 40.47020 0.12250
64 2006cf 0.04274 36.41150 0.13750
1 16099 0.19595 39.90790 0.13120
63 2002hu 0.02977 36.04120 0.13830
51 2013fa 0.01478 33.99840 0.17640
10 1336687 0.23370 40.33780 0.13120
1 16350 0.23693 40.35730 0.16100
4 06D3gn 0.25085 40.56960 0.12460
150 PS15aii 0.04793 36.71510 0.12930
1 14437 0.14806 39.13850 0.12920
15 151034 0.13281 38.93180 0.12360
62 1997cn 0.01659 34.80400 0.17090
50 1999cp 0.00988 33.31690 0.12409
15 500057 0.38061 41.57370 0.13090
64 2007ca 0.01437 34.45880 0.17910
10 1303496 0.17980 39.65790 0.14280
15 150509 0.29293 40.88920 0.15190
10 1338278 0.56390 42.51770 0.18750
51 2009ee 0.03775 36.10810 0.14680
64 2006oa 0.06149 37.16530 0.13170
1 17218 0.17713 39.63680 0.15290
5 2007ba 0.03618 35.76370 0.13500
4 05D2ie 0.34949 41.48740 0.13060
62 1998ab 0.02889 34.99770 0.13890
15 080723 0.43020 41.96730 0.13930
1 5350 0.17438 39.59550 0.15090
10 1335868 0.61940 42.81850 0.18940
10 1339149 0.46780 41.88750 0.15130
50 1992P 0.02802 35.40730 0.16980
51 2007jg 0.03802 36.40210 0.13380
4 04D2gb 0.45162 41.70700 0.14400
10 1316431 0.19810 39.95440 0.12700
1 13835 0.24617 40.48730 0.13640
5 2007bc 0.02098 34.78650 0.14960
65 2009fv 0.02850 35.25560 0.14350
1 16352 0.25086 40.35960 0.16520
15 550096 0.22449 40.03820 0.15500
65 2007kk 0.04316 36.24100 0.13870
59 2013aa 0.00304 30.61320 0.14556
65 2007hj 0.01321 33.93710 0.18760
1 11300 0.13572 38.88020 0.14510
1 6422 0.18515 39.74130 0.12950
4 04D1iv 0.99646 44.04430 0.15690
15 310051 0.27057 40.60020 0.12880
150 AT2016cor 0.05098 36.97570 0.13100
15 480064 0.24284 40.73140 0.12580
150 PS15bjg 0.06786 37.63950 0.14740
10 1309749 0.78930 43.36510 0.14210
59 PTF10icb 0.01013 33.66070 0.24020
1 14019 0.21521 40.53060 0.16030
4 04D1aj 0.71969 43.17650 0.18000
64 2006ac 0.02454 35.02730 0.14480
4 04D2kr 0.74607 43.15410 0.15210
65 2007nq 0.04393 36.37750 0.13630
1 16072 0.28446 40.81230 0.16560
1 13830 0.32995 40.99740 0.16150
10 1343208 0.49930 42.23180 0.13470
15 110567 0.21440 40.11540 0.16500
100 Manipogo 0.85482 43.69400 0.26420
59 2012Z 0.00733 32.88810 0.29770
62 1997dg 0.03421 35.95700 0.13850
15 170428 0.30020 41.06020 0.12830
1 17223 0.23395 40.24110 0.16000
5 2008fl 0.02028 34.56530 0.15480
150 ASASSN-15hg 0.03170 35.73140 0.13790
4 06D2ck 0.55375 42.62190 0.13830
51 2009fv 0.02850 35.45170 0.13930
1 13354 0.15671 39.29720 0.12690
150 Gaia16agf 0.02502 35.34060 0.14490
4 05D2ec 0.64185 42.96610 0.15820
50 2008fv1 0.01090 33.34750 0.20980
15 310260 0.51885 42.33860 0.15570
4 05D4af 0.49739 42.27270 0.14190
15 500100 0.31088 41.17060 0.13350
4 04D3nh 0.34061 41.30090 0.12190
5 2007sr 0.00572 31.65250 0.12872
1 17186 0.07875 38.11980 0.13070
150 PS15cwx 0.03110 35.50200 0.14580
4 04D1kj 0.58382 42.60860 0.11850
10 1286398 0.15030 39.44700 0.14180
150 PSNJ0717457 0.00870 32.85310 0.23580
10 1313594 0.28830 40.87000 0.12930
50 1990T 0.03931 36.24600 0.14030
1 1794 0.14082 39.26760 0.13690
1 17568 0.13696 39.66680 0.15620
10 1289555 0.55880 42.41810 0.15630
5 2008gg 0.03112 35.58660 0.13530
15 510550 0.24122 40.45250 0.12590
64 2006hb 0.01530 34.02670 0.17940
50 2008fv 0.01090 33.40270 0.12666
15 310091 0.50725 42.37990 0.15300
10 1263715 0.29190 40.85130 0.13500
15 110721 0.57831 42.66790 0.17090
15 000174 0.24511 40.42860 0.12700
1 19632 0.31387 41.16130 0.16820
15 420352 0.38895 41.51050 0.14010
1 20088 0.24329 40.39530 0.13350
61 1994ae 0.00614 32.23110 0.12519
5 2004eo 0.01501 33.91180 0.17260
150 MASTEROTJ08 0.03111 35.78160 0.14120
150 PS15coh 0.01837 34.52980 0.16040
15 150457 0.30352 41.04180 0.13260
61 1995D 0.00840 32.57490 0.25030
1 20345 0.26370 40.39480 0.16000
4 05D2ci 0.63183 42.53190 0.16250
62 1998ec 0.02065 34.82130 0.15320
150 ASASSN-15nr 0.02355 34.94460 0.14940
51 2014bj 0.04245 36.61510 0.13040
15 140181 0.10246 38.37050 0.12370
15 570056 0.29008 40.82470 0.13880
59 2007on 0.00579 31.90810 0.34800
10 1287626 0.30400 40.81160 0.14290
51 2009kq 0.01258 33.66080 0.19130
64 2005ms 0.02689 35.39180 0.14220
50 1992bg 0.03518 35.95520 0.16280
10 1343871 0.63790 43.02680 0.20170
15 310146 0.47941 42.03850 0.15410
5 2008bq 0.03193 35.76060 0.13490
10 1337117 0.55390 42.21740 0.13700
50 1992al 0.01388 33.80330 0.18140
50 1999aw 0.03919 36.15390 0.12280
1 6304 0.18995 39.81350 0.13360
1 20142 0.31480 40.74060 0.15540
4 04D3cy 0.64371 42.96190 0.17600
1 14298 0.26078 40.67640 0.15930
15 350233 0.16924 39.60680 0.12640
5 2008hj 0.03689 35.98980 0.12990
1 12883 0.30575 40.69780 0.21590
4 05D2fq 0.73495 43.43250 0.16350
63 2001V 0.01550 33.88410 0.17120
15 120094 0.45162 42.17630 0.13820
150 AT2017lm 0.03039 35.65760 0.14560
10 1294743 0.31260 41.11270 0.13850
10 1340454 0.42100 41.59840 0.13780
1 18768 0.19688 40.08070 0.14470
1 15229 0.22271 40.27990 0.14430
15 380378 0.27141 40.70590 0.12590
5 2005bo 0.01468 33.87440 0.17590
15 090201 0.50825 42.17160 0.15380
1 15461 0.18493 39.74520 0.13130
150 ASASSN-16ay 0.02956 35.69680 0.14130
4 05D2bv 0.47565 42.04390 0.12750
1 17605 0.14542 39.23860 0.15910
15 500301 0.32560 41.32870 0.13680
5 2008hu 0.05059 36.76080 0.12810
1 19913 0.20569 40.11230 0.14240
15 100206 0.21650 39.94950 0.12900
1 16618 0.19208 39.70770 0.14390
4 05D3kt 0.64870 42.93050 0.14300
1 16100 0.19407 39.93860 0.13900
63 2002de 0.02858 35.50420 0.14520
5 2008gl 0.03271 35.70060 0.13360
64 2006bt 0.03059 35.84340 0.13840
1 762 0.19025 39.99800 0.13790
150 SN2017cii 0.03257 35.94310 0.13790
1 14481 0.24220 40.70840 0.17010
15 100163 0.31782 41.19770 0.16140
10 1283936 0.36900 41.65600 0.15170
4 05D1cl 0.82860 43.73680 0.16660
4 05D1az 0.84059 43.55430 0.15540
150 PS16fbb 0.05088 37.00220 0.13450
5 2005hj 0.05723 37.02360 0.12780
59 2008ec 0.01567 34.24160 0.20420
15 2017erp 0.00698 32.23830 0.07926
4 04D3df 0.47066 42.03020 0.13300
1 22075 0.12920 38.85460 0.13740
10 1306626 0.40950 41.69300 0.14170
64 2007F 0.02403 35.16560 0.14540
1 2689 0.16053 39.29580 0.13180
64 2006te 0.03308 35.83060 0.13790
1 6406 0.12393 38.74050 0.12560
10 1300912 0.33760 41.27170 0.12340
106 stone 1.80119 45.60830 0.18770
51 2013ex 0.01133 33.53710 0.20490
10 1289664 0.24910 40.31830 0.12810
1 13425 0.21127 40.23750 0.17580
66 2010dt 0.05316 36.93950 0.14920
51 2009al 0.02359 35.03880 0.14770
1 19702 0.26832 40.73450 0.17020
106 wilson 1.91165 45.54120 0.22240
15 370566 0.07167 37.51870 0.13110
1 13070 0.19733 39.94960 0.13850
4 04D4bk 0.87798 43.75220 0.15990
1 2992 0.12623 38.65740 0.13150
150 ASASSN-16lg 0.02122 34.46780 0.15580
4 05D4ev 0.72015 43.36490 0.17030
5 2004gc 0.03285 35.49180 0.13870
62 1997bp 0.00856 32.62370 0.12705
64 2007bc 0.02098 34.81920 0.15350
15 130514 0.10586 38.47390 0.12900
4 04D2fp 0.41657 41.85610 0.13330
4 06D4ce 0.84800 43.63920 0.19060
4 05D3kx 0.21959 40.18660 0.12480
4 05D4ej 0.58330 42.94670 0.13770
10 1262214 0.68940 43.20840 0.18980
59 2013gs 0.01774 34.40600 0.19060
4 04D1dc 0.21015 39.98540 0.12520
4 05D2nn 0.87211 43.68220 0.09960
1 14157 0.21095 39.90500 0.13760
64 2005am 0.00862 32.40370 0.24650
1 18323 0.15291 39.43030 0.13650
59 2010cr 0.02217 35.40640 0.20270
15 580276 0.33848 41.25420 0.14880
101 SCP05D6 1.31317 44.91970 0.23100
10 1250017 0.18170 39.76320 0.12890
15 370563 0.18527 39.88790 0.12880
15 450339 0.40935 41.85480 0.19540
15 080646 0.31822 41.15160 0.13590
150 SN2017cpu 0.05499 36.76310 0.14330
10 1327978 0.20730 39.98390 0.19360
64 2004ef 0.03006 35.53560 0.14810
4 06D2ga 0.84208 43.66620 0.20250
150 ASASSN-16bq 0.02526 35.28950 0.14230
15 470041 0.33189 41.12820 0.13110
15 050607 0.43935 41.94300 0.12950
65 2008051 0.03908 36.08110 0.13640
66 2010ag 0.03325 35.81690 0.14310
1 13894 0.11988 39.01870 0.12960
15 310090 0.34696 41.56250 0.24460
100 Spock 0.83981 43.30810 0.21970
10 1316385 0.14780 39.10340 0.13820
1 17791 0.27759 41.26230 0.21890
15 050601 0.35101 41.23480 0.16140
63 2001fe 0.01471 33.96930 0.17710
66 2009na 0.02202 34.80000 0.15180
59 2015bp 0.00541 32.60780 0.37070
150 ATLAS17ajn 0.02999 35.62290 0.14960
15 370595 0.18126 39.77600 0.12450
15 430003 0.32851 41.04250 0.16770
10 1303004 0.29490 40.85160 0.12880
1 5994 0.18590 39.82190 0.13860
15 590194 0.09039 38.04140 0.12870
150 PSNJ2043531 0.01499 34.34250 0.17900
150 ATLAS16agv 0.04819 36.58910 0.13270
66 2010ai 0.01800 35.03650 0.16220
1 12928 0.13875 39.09880 0.15510
56 2013cs 0.00915 32.59250 0.15842
59 2007cv 0.01315 33.82870 0.21110
4 04D3co 0.62070 42.86000 0.11330
50 2000bk 0.02800 35.45670 0.14830
10 1342255 0.21410 40.11520 0.12820
4 03D4au 0.46643 42.60340 0.15750
50 1992bo 0.01818 34.68360 0.16180
1 5549 0.12014 38.72040 0.12530
1 19969 0.17444 39.58140 0.12970
1 20227 0.27585 40.80970 0.16830
59 2009Y 0.00994 32.76050 0.16218
1 12950 0.08167 37.85480 0.12660
66 2010Y 0.01250 33.81380 0.19460
1 20111 0.24280 40.52140 0.16450
1 17801 0.20523 40.26070 0.16960
10 1304678 0.21880 40.23110 0.18160
15 050303 0.32842 41.38080 0.17750
1 18466 0.21239 40.12860 0.13380
1 8046 0.25772 40.70530 0.16040
150 AT2016eoa 0.02126 34.76340 0.16220
51 2005df 0.00424 31.45580 0.12328
50 1990af 0.04923 36.68380 0.16060
150 PS15bdr 0.07116 37.46930 0.14620
64 2006gr 0.03432 35.99000 0.13640
59 2014I 0.02912 35.65420 0.24960
64 2005eu 0.03570 35.87760 0.13770
10 1280217 0.35900 41.26760 0.14270
4 05D2eb 0.53572 42.32840 0.13980
65 2007A 0.01676 34.51550 0.16960
64 2006ak 0.04038 36.11550 0.14110
4 04D1oh 0.58879 42.63850 0.14140
10 1320166 0.44900 42.09060 0.14920
1 19596 0.29145 40.87730 0.16850
5 2007jg 0.03802 36.25070 0.13190
1 6780 0.20279 39.92380 0.15310
150 ASASSN-16db 0.03793 35.96790 0.13630
4 05D4bi 0.77309 43.52130 0.17850
51 2018dem 0.05877 37.40920 0.15760
5 2005bg 0.02468 35.06020 0.14270
15 190209 0.36656 41.37660 0.13410
15 110425 0.38093 41.56650 0.14210
4 04D3hn 0.55267 42.35010 0.13550
63 2002ck 0.02997 35.57810 0.14070
4 04D4ju 0.47042 42.49610 0.14270
10 1302058 0.19840 39.58290 0.12710
10 1296321 0.18440 40.08520 0.13350
150 ASASSN-17eb 0.05074 36.55010 0.13600
63 2001ep 0.01272 33.61950 0.19010
50 2001el 0.00403 31.51490 0.13944
4 05D2ac 0.48065 42.08740 0.12790
4 05D2ab 0.32446 41.18340 0.12210
59 2006ej 0.02059 34.63070 0.19360
1 3317 0.16008 39.32050 0.13020
15 580104 0.30904 40.92970 0.13520
63 2002hd 0.03183 35.75670 0.14450
1 5751 0.12950 38.92160 0.12570
1 6137 0.29893 41.02800 0.18660
15 550137 0.41939 41.57410 0.15220
51 2018aoz 0.00510 31.79050 0.37770
64 2005M 0.02603 34.99290 0.16680
150 AT2016fbk 0.03583 36.24380 0.13490
150 PS16ayd 0.05476 36.99880 0.12720
65 2008fr 0.03822 36.18220 0.13560
15 440162 0.41936 41.85570 0.16020
1 19794 0.29580 41.10400 0.19970
1 8921 0.14423 39.12220 0.13440
1 19027 0.29123 40.56150 0.15520
65 2007cb 0.03646 36.10500 0.14540
1 17340 0.25637 40.47990 0.13960
15 500038 0.10794 38.51010 0.12480
15 040782 0.33751 41.11300 0.14300
5 2005be 0.03419 35.86390 0.13520
63 2002dj 0.00939 32.92490 0.23190
65 2009bv 0.03890 36.35780 0.13520
15 350083 0.36790 41.36640 0.13200
1 21006 0.29031 40.72990 0.16990
1 5736 0.25187 40.55320 0.13350
100 Lancaster 1.23097 44.84640 0.19970
4 06D2ca 0.53271 42.41570 0.14030
10 1337655 0.84850 43.55380 0.16190
61 1994T 0.03604 35.96960 0.13990
1 16641 0.11411 38.80820 0.14050
1 17220 0.17786 39.44230 0.13520
150 ASASSN-15tg 0.03536 35.96020 0.13990
4 04D1pg 0.51387 42.50720 0.13480
150 ASASSN-15mf 0.02714 35.21180 0.14280
1 5391 0.30030 40.94730 0.17970
1 21033 0.22800 40.18570 0.15950
150 ASASSN-16ct 0.04336 36.32790 0.13370
100 Gabi 1.12092 44.42880 0.19310
51 2013gh 0.00862 32.73190 0.24510
15 460003 0.15084 39.28030 0.12790
4 05D1dx 0.57882 42.56860 0.13150
66 2010dw 0.03931 36.03110 0.13830
15 440643 0.18952 39.87580 0.13030
4 03D3aw 0.44964 42.13510 0.15660
5 2009cz 0.02292 34.91850 0.14550
65 2007su 0.02753 35.45420 0.15090
61 1993ac 0.05091 36.73170 0.13910
50 2019ein 0.00837 32.92020 0.12400
15 180561 0.22865 40.35900 0.12990
66 2009kk 0.01201 33.74400 0.19930
1 16619 0.11424 38.43580 0.12740
4 05D4av 0.50738 42.36950 0.12850
150 ASASSN-15bc 0.03792 36.09950 0.13060
5 2006D 0.00926 32.93560 0.11642
59 LSQ12gdj 0.02967 35.25510 0.17910
15 170078 0.32096 41.36540 0.16410
1 16541 0.13125 38.92140 0.14120
150 PS16evk 0.05232 36.97580 0.14520
51 2013gy 0.01309 33.83070 0.18300
4 04D1rx 0.98347 44.18840 0.16740
10 1331123 0.22910 40.32350 0.13360
63 2002kf 0.02001 34.74170 0.15650
4 03D1au 0.50316 42.27660 0.13480
150 AT2016htn 0.05210 36.93920 0.13560
1 15868 0.24986 40.53550 0.13930
59 2005cf 0.00727 32.47590 0.15049
1 18612 0.11388 38.48300 0.12740
150 AT2016cvv 0.04428 36.59320 0.15280
10 1322979 0.52940 42.41880 0.12180
1 2372 0.17973 39.64450 0.13090
63 2003du 0.00762 32.83580 0.12267
10 1306029 0.42890 41.94880 0.15710
15 510597 0.46104 42.13920 0.16980
1 15433 0.21949 40.22860 0.14190
64 2006eu 0.02228 34.70300 0.16320
1 1316 0.21578 40.32630 0.18310
15 160039 0.27093 40.56480 0.13360
10 1330903 0.56380 42.64210 0.15610
4 05D2by 0.89314 43.90830 0.16730
66 2010H 0.01673 34.29380 0.18300
1 14735 0.29947 40.83070 0.14300
15 120044 0.48164 42.46270 0.17010
1 2916 0.12316 38.73550 0.13510
15 490007 0.05541 36.96140 0.12840
15 000091 0.15284 39.26780 0.12890
56 2012ht 0.00466 32.06690 0.14752
65 2008hs 0.01805 34.77300 0.16630
15 350078 0.30089 41.31190 0.15790
15 390264 0.29221 40.58480 0.12570
150 AT2017cfb 0.02222 34.94490 0.14950
150 ATLAS16cpu 0.01858 34.67400 0.15850
50 1994D 0.00252 30.78450 0.72920
4 06D2bk 0.50067 42.40430 0.14300
10 1336009 0.34160 41.37810 0.14000
65 2009D 0.02446 35.02970 0.14700
4 05D3mx 0.47065 42.14090 0.13690
4 05D4ef 0.60328 42.90820 0.15020
15 120369 0.33047 41.36860 0.12990
100 Eagle 1.02088 44.27200 0.20060
10 1317454 0.56880 42.36890 0.15830
1 17240 0.07182 37.35450 0.15880
1 8213 0.18484 39.70710 0.14150
1 20470 0.12458 38.98890 0.13320
50 1992bk 0.05615 37.18190 0.16530
15 070242 0.06457 37.46790 0.13120
4 04D4hf 0.93391 43.96100 0.21220
10 1339392 0.18040 39.46650 0.18290
4 06D3fp 0.26860 40.61590 0.12170
15 010026 0.03243 35.77430 0.13270
10 1261579 0.32220 40.98340 0.14290
4 04D2ja 0.74196 43.60970 0.20890
50 1990N 0.00360 31.84120 0.13434
10 1335694 0.25910 40.52120 0.13310
10 1338170 0.38900 41.51180 0.16340
4 04D4dm 0.80904 43.55170 0.17070
1 5395 0.11653 38.73420 0.12730
150 PSNJ0859349 0.02950 35.56890 0.13800
10 1329615 0.40390 41.73450 0.16330
15 300105 0.09205 38.32580 0.12210
5 2005M 0.02603 35.16040 0.13640
4 05D3mh 0.67072 43.23420 0.15680
1 18940 0.21114 40.06790 0.14110
15 010010 0.09950 38.55220 0.12350
4 05D3gv 0.71571 43.18260 0.17190
51 2008eq 0.05741 37.10450 0.14000
15 120143 0.17378 39.44400 0.12490
4 04D4ih 0.93191 43.90150 0.17260
10 1283878 0.31350 41.12260 0.16060
150 PSNJ0107203 0.01692 34.07940 0.17040
64 2008L 0.01917 34.33650 0.16720
51 2008gl 0.03271 35.70930 0.13830
150 PS16dnp 0.05019 36.96430 0.13390
10 1329312 0.34440 41.34360 0.14540
15 110484 0.51095 42.16750 0.16800
1 18325 0.25736 40.62430 0.15690
10 1334707 0.64880 42.95350 0.12580
4 06D2cc 0.53372 42.29870 0.16170
15 070955 0.34932 41.22480 0.12600
10 1310338 0.43880 41.58410 0.13370
4 05D4bf 0.58730 42.78280 0.14500
1 7876 0.07520 37.59240 0.12650
1 19149 0.21037 39.56220 0.12570
1 19341 0.23557 40.33860 0.15670
59 2013cs 0.00915 32.53660 0.15713
10 1334302 0.45490 41.92000 0.16390
15 000236 0.19616 39.84720 0.12460
1 20144 0.21875 40.11460 0.15310
15 130755 0.29298 40.91340 0.15770
15 500004 0.25063 40.40390 0.14510
150 AT2016bln 0.02442 35.17760 0.14450
51 2018gv 0.00641 32.20020 0.11908
64 2008af 0.03406 35.79900 0.13890
59 2009an 0.01046 33.34890 0.24980
10 1306537 0.47950 42.12460 0.15320
1 20039 0.24572 40.45450 0.14330
15 020027 0.11001 38.65980 0.13040
59 2011fe 0.00082 29.21870 0.14872
15 000220 0.21972 40.19090 0.12500
150 PS16em 0.07083 37.53860 0.16630
62 1999ef 0.03844 36.33420 0.13750
5 2009ab 0.01124 33.58830 0.20690
1 16093 0.33450 41.28060 0.17700
150 PS15bwh 0.07158 37.39110 0.13700
10 1290816 0.21850 40.30630 0.13310
63 2003ic 0.05178 36.49710 0.14310
64 2007O 0.03796 35.96850 0.13500
10 1317666 0.14140 39.24930 0.12330
4 03D4di 0.89695 43.73530 0.17910
4 05D4dw 0.85300 43.64960 0.15620
1 15467 0.20856 39.99360 0.13780
10 1291794 0.39510 41.57740 0.16340
4 03D4at 0.63225 43.00540 0.19100
64 2007bd 0.03117 35.57160 0.13740
1 20084 0.13851 39.20570 0.13360
1 21814 0.10078 38.22550 0.14340
15 560152 0.24862 40.48300 0.15100
150 ASASSN-16fs 0.02925 35.37450 0.14250
4 04D3oe 0.75675 43.36360 0.16150
10 1343401 0.38290 41.49050 0.16690
64 2006bq 0.02270 34.93330 0.14860
150 AT2016gmg 0.04852 36.73150 0.14550
1 16776 0.26529 40.61810 0.18580
59 2013E 0.01030 32.92390 0.23930
50 1992J 0.04535 36.41730 0.18850
15 200132 0.20868 40.20240 0.13230
1 18749 0.18948 39.83300 0.14270
10 1315192 0.22540 40.16120 0.13650
1 2308 0.14721 39.26630 0.12960
1 19008 0.21768 40.11800 0.14290
51 2007kk 0.04316 36.29730 0.14170
4 05D2bt 0.68190 42.93820 0.14170
4 04D3lp 0.98383 44.25770 0.17190
15 350050 0.40483 41.47910 0.15790
1 18965 0.20469 40.01280 0.14310
59 2009gf 0.01834 34.70220 0.19980
1 13796 0.14747 39.07290 0.12620
150 ASASSN-16fo 0.03064 35.62430 0.13840
1 14284 0.18050 39.48100 0.12850
61 1994M 0.02500 35.00390 0.14610
1 5103 0.16078 39.33210 0.12890
4 05D3jq 0.57967 42.51830 0.12840
4 05D4hn 0.84002 43.36290 0.15400
1 18604 0.17498 39.83690 0.15190
150 AT2017ns 0.02849 35.34180 0.14770
10 1291090 0.29200 40.85190 0.14000
5 2008bi 0.01483 34.56170 0.18840
63 2004bg 0.02235 34.95140 0.14360
1 15219 0.24650 40.52080 0.14590
150 ASASSN-16aj 0.02902 35.56020 0.13960
150 SN2017ciy 0.03858 36.60970 0.13900
59 2010kg 0.01654 34.10020 0.20230
64 2006kf 0.01931 34.85820 0.16570
150 ASASSN-16av 0.02813 35.44880 0.14680
15 120085 0.32206 40.83750 0.14100
1 16185 0.10043 38.31370 0.13200
4 05D4fg 0.83702 43.65890 0.16240
4 06D4ba 0.69818 43.13430 0.19520
59 PS1-14xw 0.02406 35.24580 0.21770
5 2006lu 0.05329 36.92510 0.12540
15 480464 0.22132 40.18960 0.12910
150 PTSS-16efw 0.03577 36.30740 0.14270
15 370367 0.47164 42.05710 0.15470
1 6192 0.27103 40.68490 0.18450
15 440005 0.30548 41.08820 0.13530
4 06D4dh 0.30161 41.01740 0.12180
15 420407 0.24523 40.59650 0.15120
63 2003kc 0.03499 35.91660 0.13880
15 310188 0.31901 41.26620 0.12910
51 2013fw 0.01677 34.25700 0.16090
4 04D4jr 0.46842 42.04710 0.13270
4 05D1cc 0.56283 42.58590 0.12950
5 2007le 0.00650 32.25210 0.30840
64 2006ej 0.02059 34.73940 0.15510
15 560027 0.43891 41.86430 0.19590
63 2003cq 0.03381 35.89150 0.15900
63 2002G 0.03677 35.94540 0.16990
150 PS15bbn 0.03619 36.26160 0.14010
56 2007af 0.00633 32.09260 0.14688
150 AT2017po 0.03267 35.68740 0.14440
1 18650 0.11259 38.72030 0.12790
150 ASASSN-16ad 0.01482 34.17030 0.17030
61 1995al 0.00690 32.30020 0.13170
15 460037 0.30251 40.98620 0.16860
63 2003ch 0.02973 35.68830 0.14330
4 04D1jg 0.58301 42.68710 0.13990
150 ASASSN-16dw 0.03394 35.87620 0.13610
4 05D4ag 0.63825 42.89990 0.16600
59 2009ig 0.00810 32.63170 0.15639
15 510266 0.44067 41.82930 0.13970
1 7847 0.21174 40.03830 0.13610
10 1302187 0.21950 40.07700 0.14930
1 1112 0.25620 40.67050 0.19450
1 18617 0.32580 41.28340 0.20120
150 AT2016cvw 0.03777 36.09340 0.14420
4 06D3do 0.72674 43.24730 0.14920
15 440050 0.28557 40.81620 0.15200
15 350316 0.07991 37.68770 0.12290
63 2003U 0.02896 35.36110 0.15020
1 19616 0.16471 39.43500 0.12830
10 1303952 0.56260 42.79840 0.20030
1 15584 0.28344 40.77640 0.14920
1 14397 0.38503 41.68110 0.18120
64 2006S 0.03419 35.98270 0.13550
63 2001ah 0.05890 37.07990 0.17150
10 1298281 0.23510 40.27170 0.13730
15 360139 0.38600 41.65250 0.12120
59 2007sr 0.00572 31.43060 0.15903
1 17784 0.03802 36.08920 0.13610
5 2011iv 0.00462 31.27120 0.12380
4 05D4cq 0.69918 43.22360 0.15920
1 2533 0.33891 41.17600 0.18510
10 1316465 0.32910 41.16440 0.12010
15 440042 0.15921 39.53150 0.12690
5 2005eq 0.02810 35.58820 0.13890
10 1304442 0.21710 40.19040 0.14380
10 1319821 0.30880 41.11400 0.13630
4 05D2bw 0.92217 43.70830 0.18820
150 PS16aer 0.05706 37.14110 0.12680
15 550041 0.25859 40.59330 0.13040
15 470110 0.34545 41.32240 0.17180
1 17497 0.14404 39.17010 0.12530
61 1993ae 0.01868 34.35820 0.16350
62 1999cc 0.03075 35.66450 0.13760
62 2000cf 0.03710 36.12050 0.13270
15 570062 0.12383 38.92990 0.12870
15 480184 0.33089 41.28700 0.15410
4 06D3ed 0.40463 41.78230 0.12600
10 1275946 0.23210 40.27830 0.12740
59 2013ex 0.01133 33.61980 0.23060
1 16276 0.19193 39.87790 0.15040
150 ATLAS16dqf 0.02039 34.79620 0.16970
1 12881 0.23685 40.22170 0.15710
150 ASASSN-15mg 0.04433 36.42480 0.13670
1 2017 0.26172 40.82440 0.19230
1 13511 0.23664 40.59990 0.15840
1 3452 0.22978 40.23450 0.14300
4 05D4ek 0.53435 42.28590 0.13190
64 2007ar 0.05347 36.87210 0.15590
4 05D3mn 0.76076 43.27340 0.14380
15 510638 0.27020 40.73430 0.12480
150 AT2016ews 0.04638 36.68850 0.13350
59 2013gh 0.00862 32.94540 0.27930
15 460105 0.21084 40.07490 0.13870
150 PS17bii 0.07446 37.57290 0.15320
1 9467 0.21897 40.32700 0.18260
10 1279500 0.23500 40.37330 0.12570
59 LSQ13ry 0.03131 35.72690 0.25450
150 ASASSN-15pn 0.03951 36.30270 0.13690
1 16069 0.12706 38.89360 0.12840
61 1996bv 0.01687 34.09460 0.16580
150 ASASSN-16oz 0.03201 35.53710 0.14030
4 05D2my 0.98324 44.10670 0.15270
1 13099 0.26463 40.78700 0.18790
66 2009kq 0.01258 33.57300 0.19330
150 SN2017cjv 0.06114 37.16140 0.14420
4 05D2dy 0.51169 42.42560 0.13520
65 2008Z 0.02097 35.31850 0.14460
4 04D2an 0.62183 42.75360 0.16060
1 15897 0.17374 39.61950 0.14350
59 2015F 0.00506 31.56460 0.17817
1 14846 0.22349 40.27320 0.14310
63 2002dp 0.01046 33.40070 0.12916
64 2005mc 0.02633 35.32380 0.14750
1 13072 0.22928 40.32240 0.15170
10 1314897 0.33690 41.14180 0.13790
15 050301 0.34717 41.19480 0.13970
10 1306980 0.54890 42.32440 0.24270
1 21422 0.26573 40.65110 0.14860
5 2009al 0.02359 35.02300 0.14680
15 570025 0.29855 40.74510 0.15650
150 ASASSN-15so 0.00878 32.86940 0.10698
10 1304127 0.72860 43.18450 0.20370
1 16106 0.24983 40.42260 0.15720
1 5635 0.17852 40.05930 0.14820
15 520077 0.25019 40.72180 0.14970
10 1338430 0.50890 42.22370 0.15110
5 2004ef 0.03006 35.51190 0.13570
51 2008eg 0.03375 35.97160 0.14540
4 04D4fx 0.62725 42.76670 0.13590
1 19818 0.30406 40.84780 0.15310
10 1317277 0.23710 40.29570 0.13390
59 2013dy 0.00455 31.76390 0.15786
65 2007ss 0.01652 34.39030 0.17080
1 1371 0.11818 38.55330 0.12680
1 16116 0.15526 39.39130 0.13360
5 2007A 0.01676 34.42570 0.16430
150 ASASSN-15pr 0.03293 36.01010 0.15010
1 14421 0.17417 39.70070 0.12260
150 ASASSN-15jt 0.02411 35.09740 0.15020
1 15356 0.27351 40.64260 0.15800
10 1309288 0.26840 40.63260 0.16410
4 03D1fq 0.79863 43.68680 0.18240
10 1332059 0.57880 42.68330 0.17110
65 2007cc 0.02932 35.23910 0.16500
4 05D3cq 0.89079 43.53870 0.16270
4 04D3fq 0.74276 43.26950 0.18010
1 13136 0.37057 41.80520 0.19040
51 2011df 0.01504 33.98550 0.17470
4 05D1em 0.86456 43.72060 0.16530
10 1338387 0.58380 42.53600 0.15310
1 17366 0.13822 39.01080 0.13150
51 2016fbk 0.03583 36.05480 0.13800
4 04D4gg 0.42247 41.78510 0.12630
10 1295256 0.44250 41.95960 0.14080
150 SN2017hn 0.02611 35.16780 0.14870
1 15425 0.15948 39.17630 0.12710
150 SN2016glp 0.08410 38.04100 0.13120
150 CSS160428 0.03164 35.82590 0.13710
64 2007ap 0.01602 34.36590 0.17210
64 2006cz 0.04301 35.89830 0.17210
1 9032 0.25260 40.50640 0.17260
64 2006ob 0.05834 37.03620 0.13270
5 2008gp 0.03349 35.73150 0.13320
1 13689 0.25043 40.58030 0.14810
150 ASASSN-15np 0.03921 36.11900 0.13900
15 560087 0.30652 41.04340 0.15930
1 21062 0.13745 39.46420 0.13560
1 19207 0.25731 40.66950 0.17770
4 04D4ib 0.69717 43.11030 0.15030
15 030006 0.50285 42.21780 0.22540
50 2001V 0.01550 33.89320 0.17010
4 04D3mk 0.81376 43.62170 0.15760
10 1308957 0.61870 42.89870 0.27530
1 20106 0.33147 41.36260 0.18670
150 ASASSN-16br 0.02988 35.57060 0.14180
150 ASASSN-15mi 0.03610 35.66970 0.13250
5 2008cc 0.00928 32.94550 0.23500
10 1295305 0.61170 42.82100 0.13840
50 1981B 0.00319 30.93110 0.14420
1 19101 0.18580 39.68870 0.13070
4 04D1si 0.70070 43.11160 0.15350
66 2009le 0.01802 34.28860 0.16610
1 4046 0.27557 40.71530 0.16380
1 13727 0.22543 40.20660 0.14450
10 1334597 0.28900 40.76960 0.12370
10 1306390 0.40700 41.80680 0.21780
51 2013gq 0.01446 33.87390 0.17450
4 05D4cn 0.76110 43.40270 0.15030
63 2003kf 0.00809 32.67570 0.26210
10 1285317 0.56490 42.52830 0.16530
4 06D2fb 0.12566 38.81560 0.12470
10 1292195 0.82930 43.72250 0.19150
150 iPTF16auf 0.01533 34.24270 0.16630
150 PS15asb 0.05014 36.56110 0.13700
5 2006bt 0.03059 35.75840 0.13600
1 6649 0.31300 40.99180 0.16000
50 1992A 0.00567 31.41780 0.34450
51 2003hv 0.00511 31.47600 0.12600
4 04D2fs 0.35850 41.33060 0.12800
62 1999gp 0.02697 35.31070 0.14060
150 SN2017coa 0.04095 36.50760 0.14720
15 350047 0.23378 40.54200 0.17010
4 05D2ob 0.92618 44.10300 0.11220
4 04D4ii 0.86399 43.73680 0.16000
51 2001bg 0.00870 32.73140 0.12746
15 530086 0.05034 36.72590 0.14090
15 030066 0.22542 40.23810 0.13890
15 580275 0.38248 41.54280 0.19340
51 2016coj 0.00584 32.02900 0.33360
4 05D1ee 0.55782 42.58720 0.14130
15 370428 0.17791 39.77850 0.12810
10 1281886 0.38400 41.61660 0.15030
4 04D3ks 0.75074 43.09830 0.17640
4 03D4gg 0.59029 42.67890 0.16970
62 2000fa 0.02251 34.88620 0.14950
4 06D2gb 0.44361 41.90670 0.14370
64 2007sr 0.00572 31.65300 0.13188
5 2009ag 0.01026 33.21100 0.22100
56 2009ig 0.00810 32.66500 0.18609
15 350548 0.18082 39.74210 0.12660
150 ASASSN-15pm 0.04849 36.50820 0.13350
1 15466 0.24444 40.28520 0.15440
4 05D3lb 0.64770 43.00370 0.14600
4 06D3et 0.57668 42.57480 0.13610
64 2005ki 0.02031 34.66230 0.15750
61 1996bl 0.03434 35.80050 0.13610
15 340334 0.30681 41.24850 0.17270
10 1263369 0.31250 41.07600 0.13570
4 05D2he 0.60981 42.91780 0.14600
150 AT2017cfd 0.01315 33.68360 0.18350
63 2002he 0.02516 35.20540 0.14990
1 6699 0.30922 41.18850 0.19520
1 7779 0.37991 41.47360 0.16870
1 7512 0.21846 40.25900 0.14750
65 2009an 0.01046 33.27420 0.21560
10 1289656 0.53940 42.46530 0.16790
4 05D1if 0.76165 43.32010 0.14970
4 04D1ow 0.91354 43.74770 0.15520
4 05D1ck 0.61577 42.96340 0.14000
1 13757 0.28754 40.85040 0.15580
64 2007ci 0.02155 34.48950 0.15160
4 05D1eo 0.73568 43.40340 0.17730
66 2010A 0.02067 34.60660 0.16240
59 2012hr 0.00843 32.86910 0.26340
10 1316437 0.48200 42.19350 0.13820
150 SN2016glz 0.04101 36.09880 0.13650
64 2006et 0.02199 34.81580 0.15440
150 PS15adh 0.10363 38.46460 0.13940
15 090275 0.13955 39.12710 0.12850
59 2008hs 0.01805 34.89000 0.19960
62 1997E 0.01409 33.82600 0.18190
64 2007co 0.02747 35.31560 0.14130
4 04D2cf 0.37052 41.48070 0.13590
4 04D1hx 0.55882 42.55380 0.13530
10 1306141 0.33240 41.07340 0.12990
63 2004as 0.03317 35.99400 0.13880
5 2006ev 0.02818 35.69040 0.14030
150 ASASSN-15uw 0.03105 35.71100 0.13970
65 2007hu 0.03499 35.97370 0.17350
51 2008gp 0.03349 35.82220 0.14300
1 2165 0.28675 41.04870 0.16400
4 03D4cj 0.26865 40.51900 0.12380
15 110734 0.40221 41.62870 0.15830
150 2016afk 0.04772 36.66730 0.12810
4 04D2gp 0.73395 43.37270 0.22190
1 14979 0.17666 39.63900 0.13060
63 2002eu 0.03812 36.03630 0.18880
10 1328066 0.44890 42.01100 0.16310
64 2007cq 0.02508 34.90570 0.14550
4 04D3nr 0.96081 43.91880 0.16270
1 1241 0.08870 37.93580 0.12720
15 390259 0.12231 38.73790 0.12630
10 1329196 0.76930 43.37210 0.14340
1 2635 0.14325 39.13880 0.12900
1 13305 0.21350 40.12320 0.13850
59 2012V 0.01184 33.83240 0.22320
10 1292145 0.49250 42.42540 0.18960
65 2008ds 0.02134 34.75490 0.16090
64 2006az 0.03202 35.59760 0.13590
100 Vilas 0.93585 43.64930 0.20500
1 18927 0.21335 40.01080 0.14470
15 420159 0.18073 39.62580 0.12760
61 1995ac 0.04849 36.42580 0.12920
1 6249 0.29365 40.96230 0.15740
65 2007ux 0.03301 35.66250 0.14600
65 2008ar 0.02913 35.41230 0.13930
63 2001da 0.01703 34.25500 0.19300
56 2012fr 0.00567 31.28780 0.15354
1 6933 0.21179 39.96890 0.13330
15 520188 0.28060 40.73830 0.12600
15 470232 0.20083 40.09240 0.12530
1 19353 0.15341 39.34040 0.12940
1 20834 0.18976 40.26330 0.16010
5 2005na 0.02723 35.15590 0.13860
1 14024 0.14490 39.18430 0.13750
150 ATLAS16dpb 0.02185 35.10110 0.17000
150 PS15atx 0.07252 37.78170 0.20380
15 000010 0.24585 40.51210 0.12950
4 06D3dt 0.28266 40.95590 0.12270
64 2007ae 0.06525 37.12980 0.13460
10 1334645 0.23120 40.22110 0.12950
10 1259412 0.30470 41.01160 0.12810
1 1580 0.18335 39.62440 0.13600
15 050293 0.36017 41.29870 0.14020
5 2006ax 0.01754 34.39970 0.15960
4 04D3do 0.61071 42.81610 0.14210
1 20533 0.30140 40.80380 0.17900
61 1994S 0.01576 34.12180 0.17330
1 17215 0.18092 39.69690 0.15470
50 2001ba 0.03101 35.75850 0.15930
65 2008by 0.04639 36.57510 0.14180
61 1994Q 0.02763 35.40230 0.14880
65 2008Q 0.00745 32.45710 0.28180
59 2011ao 0.01201 33.64230 0.21500
150 ASASSN-17co 0.01835 34.29120 0.15950
15 000202 0.61983 42.94290 0.12560
59 2009jb 0.02290 34.93810 0.21340
65 2008Y 0.07056 37.33450 0.14040
62 1998eg 0.02402 35.14860 0.15490
10 1296273 0.39700 41.36030 0.13030
15 050003 0.42700 41.94100 0.16860
50 2001bt 0.01431 33.78050 0.17850
15 370333 0.07588 37.73910 0.13200
1 13934 0.32941 41.54010 0.23150
15 590031 0.37852 41.58030 0.15520
150 PS15cze 0.04081 36.58880 0.14510
51 2014ai 0.02302 35.12810 0.16980
15 590005 0.17124 39.64860 0.12800
15 140152 0.20879 39.95540 0.12820
10 1337687 0.31950 41.13580 0.12490
63 2002fk 0.00733 32.54660 0.12426
15 120400 0.35149 41.44230 0.12880
51 2009eu 0.02988 35.91740 0.15400
10 1282736 0.36890 41.42030 0.14550
150 ASASSN-15ti 0.01660 34.55490 0.16810
150 AT2016gsu 0.07575 37.65960 0.16360
62 1998es 0.00956 32.92300 0.22830
4 04D1pc 0.76865 43.59130 0.15430
1 12977 0.24656 40.37290 0.16000
51 2009an 0.01046 33.42880 0.22180
15 000014 0.13614 39.08090 0.14760
15 470008 0.23950 40.08370 0.12840
150 ASASSN-16la 0.01399 33.91030 0.18030
4 04D3ez 0.26360 40.50580 0.12460
15 550154 0.21015 40.28010 0.13740
1 3377 0.24459 40.21840 0.14410
15 520041 0.54545 42.78090 0.16330
15 510457 0.50306 42.27590 0.19950
15 420196 0.29853 41.36740 0.14520
63 2001az 0.04092 36.42470 0.13810
15 520016 0.45106 42.10000 0.16270
59 2011hb 0.02821 35.42860 0.19870
10 1322229 0.52610 42.29160 0.15340
150 SN2017jl 0.01480 33.89410 0.17160
59 iPTF13dge 0.01685 34.43370 0.19200
15 310039 0.17170 39.57840 0.12550
50 1981D 0.00564 30.94340 0.36970
15 380199 0.46064 42.16000 0.14830
15 420417 0.36147 41.25550 0.20400
1 17875 0.21091 40.35760 0.15660
50 2005df 0.00415 31.32740 0.12199
59 2008Q 0.00745 32.44380 0.28950
1 3199 0.24972 40.73770 0.15250
5 2009D 0.02446 35.08840 0.14230
150 ATLAS16bwu 0.07091 37.48620 0.13600
59 2009cz 0.02292 35.01020 0.18600
65 2007is 0.02771 35.39910 0.14950
15 190340 0.13840 39.13930 0.12330
1 20245 0.30052 40.71310 0.17130
5 2007nq 0.04393 36.27960 0.12940
15 470244 0.36091 41.54100 0.13950
15 040780 0.23082 40.16050 0.14920
62 2000dk 0.01741 34.20490 0.16430
50 1980N 0.00564 31.31930 0.34830
50 1997bq_B 0.01090 32.84550 0.24510
50 1992bh 0.04434 36.61410 0.16410
15 440236 0.42895 41.82840 0.14700
15 160070 0.35909 41.57090 0.14300
64 2006ax 0.01754 34.42110 0.16170
63 2002cr 0.00988 33.34380 0.12481
50 1992G 0.00716 32.50370 0.29770
4 05D3cx 0.80575 43.36650 0.14980
64 2006en 0.03171 35.76130 0.13900
51 2002cs 0.01532 34.09160 0.12410
1 1253 0.26175 40.51870 0.17100
150 SN2016gfr 0.01632 33.98080 0.16540
4 06D3gh 0.72074 43.22340 0.18080
15 110460 0.19953 39.97660 0.15500
1 18835 0.12278 38.77040 0.12740
5 2008bc 0.01563 34.02660 0.17500
63 2003iv 0.03532 35.99950 0.14360
4 05D3cf 0.41965 41.94630 0.13220
4 05D3ha 0.80575 43.45360 0.15300
65 2009ad 0.02838 35.44470 0.14120
62 1999X 0.02668 35.21890 0.15580
1 14456 0.32804 41.11460 0.15570
1 19899 0.09030 37.97430 0.12750
1 15365 0.18667 39.87580 0.13490
51 2013dy 0.00455 31.64610 0.13461
15 190237 0.22952 40.46030 0.15220
4 04D1ff 0.85858 43.46480 0.15060
65 2007ob 0.03221 35.63040 0.14950
4 06D4co 0.43546 41.70290 0.12530
1 12971 0.23395 40.28500 0.16980
1 13045 0.17931 39.62500 0.14510
150 SN2016hpx 0.03262 35.73810 0.13950
1 12860 0.12058 38.87470 0.13160
15 100090 0.17297 39.85010 0.13720
1 6315 0.26583 40.43090 0.14580
15 130308 0.08245 37.91070 0.12680
1 15440 0.26141 40.53500 0.14980
1 16032 0.20331 39.98810 0.13900
101 SCP05D0 1.01242 44.23400 0.25310
62 1998dx 0.05010 36.66630 0.13700
150 PSNJ1204051 0.04573 36.52630 0.13610
1 16213 0.24871 40.48660 0.14690
1 19051 0.27631 40.81820 0.15300
1 16206 0.15856 39.16240 0.14670
1 19002 0.27021 40.64140 0.14170
50 2006dd 0.00564 31.25290 0.34730
10 1303883 0.25910 40.64090 0.13410
10 1337272 0.50270 42.24420 0.17120
64 2006ev 0.02818 35.73870 0.15690
15 370308 0.20087 39.91820 0.20850
63 2001bf 0.01580 33.97280 0.17000
5 2005ki 0.02031 34.62850 0.15230
1 6196 0.27991 40.60360 0.15540
150 SN2016ixf 0.06711 37.53110 0.14720
15 100213 0.27509 40.88730 0.14340
50 1992K 0.00876 33.75240 0.27110
1 21861 0.18604 39.65700 0.17780
4 05D3mq 0.24660 40.50680 0.12630
1 2102 0.09414 38.18260 0.13120
15 520023 0.26818 40.56670 0.17070
10 1298893 0.19620 39.91470 0.22500
10 1299775 0.15980 39.09110 0.13910
1 3087 0.16448 39.37950 0.12610
50 1991M 0.00840 33.29310 0.30180
1 19604 0.29461 41.27860 0.19890
64 2006bb 0.02614 35.28870 0.16160
50 2008fv2 0.01090 33.54710 0.21490
51 2009ig 0.00810 32.87890 0.12344
50 2001cn 0.01551 33.91800 0.17050
1 15453 0.17384 39.83240 0.13430
150 SN2016gmb 0.05862 37.06410 0.14070
64 2006mo 0.03708 36.15430 0.13860
1 20376 0.20840 39.78250 0.15400
66 2009nq 0.01559 34.17750 0.20900
1 15459 0.12560 39.32960 0.13130
15 160198 0.34910 41.36030 0.13380
1 10449 0.24065 40.16090 0.17340
1 17332 0.18217 39.66770 0.14220
64 2008bf 0.02482 34.99070 0.14500
4 06D3bz 0.72774 43.20050 0.18060
4 06D2ce 0.82206 43.49100 0.19110
64 2005lz 0.04662 36.37390 0.13600
5 2008fr 0.03822 36.17280 0.13020
1 16165 0.15613 39.33730 0.13000
63 2001N 0.02182 34.86360 0.15240
4 03D4dh 0.62525 42.79360 0.13380
1 3080 0.17331 39.49840 0.12990
15 580235 0.33147 41.12800 0.12830
4 05D3hh 0.76674 43.57920 0.17080
5 2007bd 0.03117 35.64810 0.13540
50 2000bh 0.02433 34.94180 0.14760
150 PS16bnz 0.06478 37.22070 0.13110
64 2006cq 0.04947 36.67150 0.14280
15 330089 0.34881 41.49470 0.13830
51 2008go 0.06147 37.04760 0.15670
10 1332413 0.60870 42.65630 0.18440
59 2008hv 0.01387 33.94490 0.20480
4 03D1aw 0.58080 42.86470 0.14460
5 2007jd 0.07222 37.65330 0.12400
15 450082 0.24861 40.53940 0.13050
15 120336 0.16122 39.44210 0.12720
1 15369 0.23062 39.92670 0.12970
1 17552 0.25199 40.57850 0.15800
15 570022 0.30152 41.16030 0.15910
4 04D4in 0.51437 42.29940 0.13180
63 2003ae 0.03470 35.83810 0.16560
1 4000 0.27668 40.95940 0.19990
10 1335472 0.49890 42.20130 0.14130
51 2007F 0.02403 35.07220 0.14590
4 04D1rh 0.43494 41.90560 0.13130
1 17629 0.13658 38.93410 0.12940
150 ASASSN-15oh 0.01564 34.46000 0.18060
4 05D3dh 0.80076 43.20390 0.15480
51 2007fb 0.01740 34.47330 0.16160
10 1312274 0.43800 41.92400 0.15740
15 310238 0.28405 40.66910 0.12850
5 2008ia 0.02249 34.94960 0.15230
4 05D4gw 0.80605 43.60270 0.18350
10 1347120 0.17950 39.67230 0.13450
1 13610 0.29692 40.79550 0.16330
4 04D1pu 0.63777 42.74490 0.20250
4 04D1qd 0.76566 43.46490 0.14560
10 1308582 0.36690 41.33540 0.13720
5 2006py 0.05640 36.97310 0.12750
10 1257695 0.18380 39.77110 0.12600
50 2003du 0.00762 32.84670 0.12311
4 04D4hu 0.70117 43.25010 0.16380
15 300179 0.17911 39.89810 0.16120
10 1329166 0.73160 43.33970 0.15610
150 ASASSN-17bs 0.02066 34.64940 0.15430
51 2008gg 0.03112 35.73380 0.15360
1 18241 0.09404 38.28880 0.13340
1 18721 0.40138 41.62930 0.19540
1 7143 0.30365 41.18030 0.14930
10 1258906 0.34920 41.39220 0.13790
15 110716 0.31588 41.27090 0.15440
15 460064 0.24151 40.22610 0.14240
5 2007ca 0.01437 34.34870 0.17660
15 340229 0.14123 39.13830 0.14150
15 560150 0.19970 40.00590 0.14750
10 1334644 0.28810 40.79620 0.14920
1 16281 0.18522 39.66720 0.14820
1 2561 0.11760 38.71060 0.12770
106 geta 1.69706 45.43810 0.27030
4 04D4an 0.61127 43.09080 0.15830
1 19968 0.05578 36.88200 0.13400
10 1346387 0.34450 41.42330 0.12870
5 2008ff 0.01919 34.40270 0.15690
1 13152 0.20231 39.73100 0.13060
65 2008gb 0.03820 36.12680 0.14710
15 370066 0.09089 38.12540 0.13390
150 ASASSN-16bc 0.03313 35.76410 0.13670
51 2017cfd 0.01315 33.62900 0.18770
1 18855 0.12732 38.87440 0.12780
4 05D3ax 0.64371 42.94600 0.18650
150 ASASSN-15il 0.02278 34.92380 0.15020
50 1993ah 0.02834 35.30320 0.21080
1 12781 0.08309 38.09090 0.13670
10 1315259 0.22800 40.29320 0.13130
15 440509 0.31901 41.02150 0.15080
100 Elvis 0.84081 43.44330 0.17790
5 iPTF13ebh 0.01249 33.65390 0.12380
4 05D3km 0.96080 44.17970 0.16000
5 2009dc 0.02119 34.27760 0.15300
5 2007hj 0.01321 33.98880 0.18620
1 12779 0.07906 37.88290 0.13090
64 2005iq 0.03357 35.97840 0.13660
100 Ombo 0.97443 44.10440 0.17360
4 05D3jh 0.71874 43.03300 0.14150
4 05D3ht 0.90179 43.88630 0.17090
5 2005ku 0.04442 36.37890 0.13200
10 1346956 0.33350 41.13270 0.13640
4 05D2mp 0.35519 41.58830 0.12720
64 2006ar 0.02333 35.08250 0.14880
50 2017cbv_wee 0.00304 30.54150 0.60770
65 2008050 0.04634 36.33150 0.16230
15 440008 0.14652 39.27040 0.12430
15 420100 0.09653 38.19360 0.16180
15 350080 0.28588 40.79150 0.14870
15 050296 0.35099 41.37590 0.13810
1 4679 0.33115 41.14850 0.16400
5 2006ef 0.01745 34.39100 0.16550
51 2013bs 0.02762 35.53380 0.14490
15 360156 0.04661 36.59410 0.13470
56 2013dy 0.00455 31.76140 0.16002
62 2000cn 0.02279 35.00370 0.15100
4 05D3dd 0.48064 42.11960 0.12770
4 03D4dy 0.60827 42.71770 0.13690
51 2009hp 0.02299 34.97020 0.20190
50 1990O 0.03085 35.57060 0.14420
150 PS15mt 0.07193 37.61020 0.14070
4 05D3lc 0.46164 42.09940 0.12640
64 2006qo 0.02946 35.51040 0.13980
1 7243 0.20334 40.02120 0.15320
15 020176 0.26062 40.60360 0.13810
59 2007co 0.02747 35.27930 0.19620
106 camille 1.22296 45.30250 0.16810
1 722 0.08532 37.97620 0.13260
1 18091 0.36987 41.38010 0.18450
10 1338266 0.64760 43.16980 0.19210
15 380279 0.34939 41.34750 0.14740
5 2008R 0.01234 33.84450 0.19380
64 2005el 0.01496 33.98120 0.17590
15 091869 0.28854 40.83940 0.13470
15 370356 0.02554 35.34150 0.14190
150 PTSS17-niq 0.06897 37.40830 0.13760
64 2006sr 0.02396 35.07070 0.14880
59 2013ag 0.02022 34.97160 0.23490
5 2004gs 0.02867 35.60640 0.13830
15 100101 0.42976 42.10200 0.15970
64 2005cf 0.00727 32.39100 0.12632
1 17389 0.16971 39.81550 0.14770
150 ASASSN-16cs 0.01918 34.54730 0.15710
150 PS15ahs 0.02522 35.30470 0.14200
10 1309492 0.33350 41.10610 0.12090
150 PS15cku 0.02343 35.18950 0.14750
10 1335718 0.69930 43.25920 0.12510
1 16259 0.11792 38.69140 0.13290
5 2008cf 0.04705 36.50290 0.12860
51 2011dl 0.03385 35.93580 0.14010
1 6057 0.06645 37.32550 0.13200
63 2004L 0.03394 35.85030 0.14120
5 2007jh 0.04208 36.52160 0.13610
5 2006kf 0.01931 34.78880 0.16220
